% FILE: MIPSI.14
%
%       t          P_No_P5[1]    P_No_P5[2]    P_No_P5[3]
%   (second)        (meter)        (meter)        (meter)

  0.000000E+00   1.000000E+02   1.000000E+02   0.000000E+00 
  2.000000E-02   1.000000E+02   1.000000E+02   0.000000E+00 
  4.000000E-02   1.000000E+02   1.000000E+02   0.000000E+00 
  6.000000E-02   1.000000E+02   1.000000E+02   0.000000E+00 
  8.000000E-02   1.000000E+02   1.000000E+02   0.000000E+00 
  1.000000E-01   1.000000E+02   1.000000E+02   0.000000E+00 
  1.200000E-01   1.000000E+02   1.000000E+02   0.000000E+00 
  1.400000E-01   1.000000E+02   1.000000E+02   0.000000E+00 
  1.600000E-01   1.000000E+02   1.000000E+02   0.000000E+00 
  1.800000E-01   1.000000E+02   1.000000E+02   0.000000E+00 
  2.000000E-01   1.000000E+02   1.000000E+02   0.000000E+00 
  2.200000E-01   1.000000E+02   1.000000E+02   0.000000E+00 
  2.400000E-01   1.000000E+02   1.000000E+02   0.000000E+00 
  2.600000E-01   1.000000E+02   1.000000E+02   0.000000E+00 
  2.800000E-01   1.000000E+02   1.000000E+02   0.000000E+00 
  3.000000E-01   1.000000E+02   1.000000E+02   0.000000E+00 
  3.200000E-01   1.000000E+02   1.000000E+02   0.000000E+00 
  3.400000E-01   1.000000E+02   1.000000E+02   0.000000E+00 
  3.600000E-01   1.000000E+02   1.000000E+02   0.000000E+00 
  3.800000E-01   1.000000E+02   1.000000E+02   0.000000E+00 
  4.000000E-01   0.000000E+00   4.236482E-01   0.000000E+00 
  4.200000E-01   0.000000E+00   4.236482E-01   0.000000E+00 
  4.400000E-01   0.000000E+00   4.236482E-01   0.000000E+00 
  4.600000E-01   0.000000E+00   4.236482E-01   0.000000E+00 
  4.800000E-01   0.000000E+00   4.236482E-01   0.000000E+00 
  5.000000E-01   3.640048E-02   7.659978E-01   0.000000E+00 
  5.200000E-01   3.640048E-02   7.659978E-01   0.000000E+00 
  5.400000E-01   3.640048E-02   7.659978E-01   0.000000E+00 
  5.600000E-01   3.640048E-02   7.659978E-01   0.000000E+00 
  5.800000E-01   3.640048E-02   7.659978E-01   0.000000E+00 
  6.000000E-01   1.104616E-01   9.472187E-01   0.000000E+00 
  6.200000E-01   1.104616E-01   9.472187E-01   0.000000E+00 
  6.400000E-01   1.104616E-01   9.472187E-01   0.000000E+00 
  6.600000E-01   1.104616E-01   9.472187E-01   0.000000E+00 
  6.800000E-01   1.104616E-01   9.472187E-01   0.000000E+00 
  7.000000E-01   1.922247E-01   9.899996E-01   0.000000E+00 
  7.200000E-01   1.922247E-01   9.899996E-01   0.000000E+00 
  7.400000E-01   1.922247E-01   9.899996E-01   0.000000E+00 
  7.600000E-01   1.922247E-01   9.899996E-01   0.000000E+00 
  7.800000E-01   1.922247E-01   9.899996E-01   0.000000E+00 
  8.000000E-01   1.000000E+02   1.000000E+02   0.000000E+00 
  8.200000E-01   1.000000E+02   1.000000E+02   0.000000E+00 
  8.400000E-01   1.000000E+02   1.000000E+02   0.000000E+00 
  8.600000E-01   1.000000E+02   1.000000E+02   0.000000E+00 
  8.800000E-01   1.000000E+02   1.000000E+02   0.000000E+00 
  9.000000E-01   1.000000E+02   1.000000E+02   0.000000E+00 
  9.200000E-01   1.000000E+02   1.000000E+02   0.000000E+00 
  9.400000E-01   1.000000E+02   1.000000E+02   0.000000E+00 
  9.600000E-01   1.000000E+02   1.000000E+02   0.000000E+00 
  9.800000E-01   1.000000E+02   1.000000E+02   0.000000E+00 
  1.000000E+00   1.517157E-01   9.440877E-01   0.000000E+00 
  1.020000E+00   1.517157E-01   9.440877E-01   0.000000E+00 
  1.040000E+00   1.517157E-01   9.440877E-01   0.000000E+00 
  1.060000E+00   1.517157E-01   9.440877E-01   0.000000E+00 
  1.080000E+00   1.517157E-01   9.440877E-01   0.000000E+00 
  1.100000E+00   1.529832E-01   8.417411E-01   0.000000E+00 
  1.120000E+00   1.529832E-01   8.417411E-01   0.000000E+00 
  1.140000E+00   1.529832E-01   8.417411E-01   0.000000E+00 
  1.160000E+00   1.529832E-01   8.417411E-01   0.000000E+00 
  1.180000E+00   1.529832E-01   8.417411E-01   0.000000E+00 
  1.200000E+00   1.604344E-01   7.411456E-01   0.000000E+00 
  1.220000E+00   1.604344E-01   7.411456E-01   0.000000E+00 
  1.240000E+00   1.604344E-01   7.411456E-01   0.000000E+00 
  1.260000E+00   1.604344E-01   7.411456E-01   0.000000E+00 
  1.280000E+00   1.604344E-01   7.411456E-01   0.000000E+00 
  1.300000E+00   1.657324E-01   6.420158E-01   0.000000E+00 
  1.320000E+00   1.657324E-01   6.420158E-01   0.000000E+00 
  1.340000E+00   1.657324E-01   6.420158E-01   0.000000E+00 
  1.360000E+00   1.657324E-01   6.420158E-01   0.000000E+00 
  1.380000E+00   1.657324E-01   6.420158E-01   0.000000E+00 
  1.400000E+00   1.661433E-01   5.432506E-01   0.000000E+00 
  1.420000E+00   1.661433E-01   5.432506E-01   0.000000E+00 
  1.440000E+00   1.661433E-01   5.432506E-01   0.000000E+00 
  1.460000E+00   1.661433E-01   5.432506E-01   0.000000E+00 
  1.480000E+00   1.661433E-01   5.432506E-01   0.000000E+00 
  1.500000E+00   1.614182E-01   4.445572E-01   0.000000E+00 
  1.520000E+00   1.614182E-01   4.445572E-01   0.000000E+00 
  1.540000E+00   1.614182E-01   4.445572E-01   0.000000E+00 
  1.560000E+00   1.614182E-01   4.445572E-01   0.000000E+00 
  1.580000E+00   1.614182E-01   4.445572E-01   0.000000E+00 
  1.600000E+00   1.000000E+02   1.000000E+02   0.000000E+00 
  1.620000E+00   1.000000E+02   1.000000E+02   0.000000E+00 
  1.640000E+00   1.000000E+02   1.000000E+02   0.000000E+00 
  1.660000E+00   1.000000E+02   1.000000E+02   0.000000E+00 
  1.680000E+00   1.000000E+02   1.000000E+02   0.000000E+00 
  1.700000E+00   1.000000E+02   1.000000E+02   0.000000E+00 
  1.720000E+00   1.000000E+02   1.000000E+02   0.000000E+00 
  1.740000E+00   1.000000E+02   1.000000E+02   0.000000E+00 
  1.760000E+00   1.000000E+02   1.000000E+02   0.000000E+00 
  1.780000E+00   1.000000E+02   1.000000E+02   0.000000E+00 
  1.800000E+00   6.979673E-02   4.002042E-01   0.000000E+00 
  1.820000E+00   6.979673E-02   4.002042E-01   0.000000E+00 
  1.840000E+00   6.979673E-02   4.002042E-01   0.000000E+00 
  1.860000E+00   6.979673E-02   4.002042E-01   0.000000E+00 
  1.880000E+00   6.979673E-02   4.002042E-01   0.000000E+00 
  1.900000E+00   1.673358E-01   4.037508E-01   0.000000E+00 
  1.920000E+00   1.673358E-01   4.037508E-01   0.000000E+00 
  1.940000E+00   1.673358E-01   4.037508E-01   0.000000E+00 
  1.960000E+00   1.673358E-01   4.037508E-01   0.000000E+00 
  1.980000E+00   1.673358E-01   4.037508E-01   0.000000E+00 
  2.000000E+00   2.798995E-01   4.074063E-01   0.000000E+00 
  2.020000E+00   2.798995E-01   4.074063E-01   0.000000E+00 
  2.040000E+00   2.798995E-01   4.074063E-01   0.000000E+00 
  2.060000E+00   2.798995E-01   4.074063E-01   0.000000E+00 
  2.080000E+00   2.798995E-01   4.074063E-01   0.000000E+00 
  2.100000E+00   1.000000E+02   1.000000E+02   0.000000E+00 
  2.120000E+00   1.000000E+02   1.000000E+02   0.000000E+00 
  2.140000E+00   1.000000E+02   1.000000E+02   0.000000E+00 
  2.160000E+00   1.000000E+02   1.000000E+02   0.000000E+00 
  2.180000E+00   1.000000E+02   1.000000E+02   0.000000E+00 
  2.200000E+00   1.000000E+02   1.000000E+02   0.000000E+00 
  2.220000E+00   1.000000E+02   1.000000E+02   0.000000E+00 
  2.240000E+00   1.000000E+02   1.000000E+02   0.000000E+00 
  2.260000E+00   1.000000E+02   1.000000E+02   0.000000E+00 
  2.280000E+00   1.000000E+02   1.000000E+02   0.000000E+00 
  2.300000E+00   1.000000E+02   1.000000E+02   0.000000E+00 
  2.320000E+00   1.000000E+02   1.000000E+02   0.000000E+00 
  2.340000E+00   1.000000E+02   1.000000E+02   0.000000E+00 
  2.360000E+00   1.000000E+02   1.000000E+02   0.000000E+00 
  2.380000E+00   1.000000E+02   1.000000E+02   0.000000E+00 
  2.400000E+00   1.000000E+02   1.000000E+02   0.000000E+00 
  2.420000E+00   1.000000E+02   1.000000E+02   0.000000E+00 
  2.440000E+00   1.000000E+02   1.000000E+02   0.000000E+00 
  2.460000E+00   1.000000E+02   1.000000E+02   0.000000E+00 
  2.480000E+00   1.000000E+02   1.000000E+02   0.000000E+00 
  2.500000E+00   1.000000E+02   1.000000E+02   0.000000E+00 
  2.520000E+00   1.000000E+02   1.000000E+02   0.000000E+00 
  2.540000E+00   1.000000E+02   1.000000E+02   0.000000E+00 
  2.560000E+00   1.000000E+02   1.000000E+02   0.000000E+00 
  2.580000E+00   1.000000E+02   1.000000E+02   0.000000E+00 
  2.600000E+00   1.000000E+02   1.000000E+02   0.000000E+00 
  2.620000E+00   1.000000E+02   1.000000E+02   0.000000E+00 
  2.640000E+00   1.000000E+02   1.000000E+02   0.000000E+00 
  2.660000E+00   1.000000E+02   1.000000E+02   0.000000E+00 
  2.680000E+00   1.000000E+02   1.000000E+02   0.000000E+00 
  2.700000E+00   1.000000E+02   1.000000E+02   0.000000E+00 
  2.720000E+00   1.000000E+02   1.000000E+02   0.000000E+00 
  2.740000E+00   1.000000E+02   1.000000E+02   0.000000E+00 
  2.760000E+00   1.000000E+02   1.000000E+02   0.000000E+00 
  2.780000E+00   1.000000E+02   1.000000E+02   0.000000E+00 
  2.800000E+00   1.000000E+02   1.000000E+02   0.000000E+00 
  2.820000E+00   1.000000E+02   1.000000E+02   0.000000E+00 
  2.840000E+00   1.000000E+02   1.000000E+02   0.000000E+00 
  2.860000E+00   1.000000E+02   1.000000E+02   0.000000E+00 
  2.880000E+00   1.000000E+02   1.000000E+02   0.000000E+00 
  2.900000E+00   1.000000E+02   1.000000E+02   0.000000E+00 
  2.920000E+00   1.000000E+02   1.000000E+02   0.000000E+00 
  2.940000E+00   1.000000E+02   1.000000E+02   0.000000E+00 
  2.960000E+00   1.000000E+02   1.000000E+02   0.000000E+00 
  2.980000E+00   1.000000E+02   1.000000E+02   0.000000E+00 
  3.000000E+00   1.000000E+02   1.000000E+02   0.000000E+00 
  3.020000E+00   1.000000E+02   1.000000E+02   0.000000E+00 
  3.040000E+00   1.000000E+02   1.000000E+02   0.000000E+00 
  3.060000E+00   1.000000E+02   1.000000E+02   0.000000E+00 
  3.080000E+00   1.000000E+02   1.000000E+02   0.000000E+00 
  3.100000E+00   1.000000E+02   1.000000E+02   0.000000E+00 
  3.120000E+00   1.000000E+02   1.000000E+02   0.000000E+00 
  3.140000E+00   1.000000E+02   1.000000E+02   0.000000E+00 
  3.160000E+00   1.000000E+02   1.000000E+02   0.000000E+00 
  3.180000E+00   1.000000E+02   1.000000E+02   0.000000E+00 
  3.200000E+00   1.267572E+00   9.534088E-01   0.000000E+00 
  3.220000E+00   1.267572E+00   9.534088E-01   0.000000E+00 
  3.240000E+00   1.267572E+00   9.534088E-01   0.000000E+00 
  3.260000E+00   1.267572E+00   9.534088E-01   0.000000E+00 
  3.280000E+00   1.267572E+00   9.534088E-01   0.000000E+00 
  3.300000E+00   1.296781E+00   8.938368E-01   0.000000E+00 
  3.320000E+00   1.296781E+00   8.938368E-01   0.000000E+00 
  3.340000E+00   1.296781E+00   8.938368E-01   0.000000E+00 
  3.360000E+00   1.296781E+00   8.938368E-01   0.000000E+00 
  3.380000E+00   1.296781E+00   8.938368E-01   0.000000E+00 
  3.400000E+00   1.315457E+00   8.067993E-01   0.000000E+00 
  3.420000E+00   1.315457E+00   8.067993E-01   0.000000E+00 
  3.440000E+00   1.315457E+00   8.067993E-01   0.000000E+00 
  3.460000E+00   1.315457E+00   8.067993E-01   0.000000E+00 
  3.480000E+00   1.315457E+00   8.067993E-01   0.000000E+00 
  3.500000E+00   1.332082E+00   7.131117E-01   0.000000E+00 
  3.520000E+00   1.332082E+00   7.131117E-01   0.000000E+00 
  3.540000E+00   1.332082E+00   7.131117E-01   0.000000E+00 
  3.560000E+00   1.332082E+00   7.131117E-01   0.000000E+00 
  3.580000E+00   1.332082E+00   7.131117E-01   0.000000E+00 
  3.600000E+00   1.350094E+00   6.181271E-01   0.000000E+00 
  3.620000E+00   1.350094E+00   6.181271E-01   0.000000E+00 
  3.640000E+00   1.350094E+00   6.181271E-01   0.000000E+00 
  3.660000E+00   1.350094E+00   6.181271E-01   0.000000E+00 
  3.680000E+00   1.350094E+00   6.181271E-01   0.000000E+00 
  3.700000E+00   1.370543E+00   5.229133E-01   0.000000E+00 
  3.720000E+00   1.370543E+00   5.229133E-01   0.000000E+00 
  3.740000E+00   1.370543E+00   5.229133E-01   0.000000E+00 
  3.760000E+00   1.370543E+00   5.229133E-01   0.000000E+00 
  3.780000E+00   1.370543E+00   5.229133E-01   0.000000E+00 
  3.800000E+00   1.393449E+00   4.278106E-01   0.000000E+00 
  3.820000E+00   1.393449E+00   4.278106E-01   0.000000E+00 
  3.840000E+00   1.393449E+00   4.278106E-01   0.000000E+00 
  3.860000E+00   1.393449E+00   4.278106E-01   0.000000E+00 
  3.880000E+00   1.393449E+00   4.278106E-01   0.000000E+00 
  3.900000E+00   1.423655E+00   3.716457E-01   0.000000E+00 
  3.920000E+00   1.423655E+00   3.716457E-01   0.000000E+00 
  3.940000E+00   1.423655E+00   3.716457E-01   0.000000E+00 
  3.960000E+00   1.423655E+00   3.716457E-01   0.000000E+00 
  3.980000E+00   1.423655E+00   3.716457E-01   0.000000E+00 
  4.000000E+00   1.472862E+00   3.676678E-01   0.000000E+00 
  4.020000E+00   1.472862E+00   3.676678E-01   0.000000E+00 
  4.040000E+00   1.472862E+00   3.676678E-01   0.000000E+00 
  4.060000E+00   1.472862E+00   3.676678E-01   0.000000E+00 
  4.080000E+00   1.472862E+00   3.676678E-01   0.000000E+00 
  4.100000E+00   1.543864E+00   3.793768E-01   0.000000E+00 
  4.120000E+00   1.543864E+00   3.793768E-01   0.000000E+00 
  4.140000E+00   1.543864E+00   3.793768E-01   0.000000E+00 
  4.160000E+00   1.543864E+00   3.793768E-01   0.000000E+00 
  4.180000E+00   1.543864E+00   3.793768E-01   0.000000E+00 
  4.200000E+00   1.634315E+00   3.943759E-01   0.000000E+00 
  4.220000E+00   1.634315E+00   3.943759E-01   0.000000E+00 
  4.240000E+00   1.634315E+00   3.943759E-01   0.000000E+00 
  4.260000E+00   1.634315E+00   3.943759E-01   0.000000E+00 
  4.280000E+00   1.634315E+00   3.943759E-01   0.000000E+00 
  4.300000E+00   1.000000E+02   1.000000E+02   0.000000E+00 
  4.320000E+00   1.000000E+02   1.000000E+02   0.000000E+00 
  4.340000E+00   1.000000E+02   1.000000E+02   0.000000E+00 
  4.360000E+00   1.000000E+02   1.000000E+02   0.000000E+00 
  4.380000E+00   1.000000E+02   1.000000E+02   0.000000E+00 
  4.400000E+00   1.000000E+02   1.000000E+02   0.000000E+00 
  4.420000E+00   1.000000E+02   1.000000E+02   0.000000E+00 
  4.440000E+00   1.000000E+02   1.000000E+02   0.000000E+00 
  4.460000E+00   1.000000E+02   1.000000E+02   0.000000E+00 
  4.480000E+00   1.000000E+02   1.000000E+02   0.000000E+00 
  4.500000E+00   1.000000E+02   1.000000E+02   0.000000E+00 
  4.520000E+00   1.000000E+02   1.000000E+02   0.000000E+00 
  4.540000E+00   1.000000E+02   1.000000E+02   0.000000E+00 
  4.560000E+00   1.000000E+02   1.000000E+02   0.000000E+00 
  4.580000E+00   1.000000E+02   1.000000E+02   0.000000E+00 
  4.600000E+00   1.000000E+02   1.000000E+02   0.000000E+00 
  4.620000E+00   1.000000E+02   1.000000E+02   0.000000E+00 
  4.640000E+00   1.000000E+02   1.000000E+02   0.000000E+00 
  4.660000E+00   1.000000E+02   1.000000E+02   0.000000E+00 
  4.680000E+00   1.000000E+02   1.000000E+02   0.000000E+00 
  4.700000E+00   1.000000E+02   1.000000E+02   0.000000E+00 
  4.720000E+00   1.000000E+02   1.000000E+02   0.000000E+00 
  4.740000E+00   1.000000E+02   1.000000E+02   0.000000E+00 
  4.760000E+00   1.000000E+02   1.000000E+02   0.000000E+00 
  4.780000E+00   1.000000E+02   1.000000E+02   0.000000E+00 
  4.800000E+00   1.000000E+02   1.000000E+02   0.000000E+00 
  4.820000E+00   1.000000E+02   1.000000E+02   0.000000E+00 
  4.840000E+00   1.000000E+02   1.000000E+02   0.000000E+00 
  4.860000E+00   1.000000E+02   1.000000E+02   0.000000E+00 
  4.880000E+00   1.000000E+02   1.000000E+02   0.000000E+00 
  4.900000E+00   1.000000E+02   1.000000E+02   0.000000E+00 
  4.920000E+00   1.000000E+02   1.000000E+02   0.000000E+00 
  4.940000E+00   1.000000E+02   1.000000E+02   0.000000E+00 
  4.960000E+00   1.000000E+02   1.000000E+02   0.000000E+00 
  4.980000E+00   1.000000E+02   1.000000E+02   0.000000E+00 
  5.000000E+00   1.000000E+02   1.000000E+02   0.000000E+00 
  5.020000E+00   1.000000E+02   1.000000E+02   0.000000E+00 
  5.040000E+00   1.000000E+02   1.000000E+02   0.000000E+00 
  5.060000E+00   1.000000E+02   1.000000E+02   0.000000E+00 
  5.080000E+00   1.000000E+02   1.000000E+02   0.000000E+00 
  5.100000E+00   2.354713E+00   9.784911E-01   0.000000E+00 
  5.120000E+00   2.354713E+00   9.784911E-01   0.000000E+00 
  5.140000E+00   2.354713E+00   9.784911E-01   0.000000E+00 
  5.160000E+00   2.354713E+00   9.784911E-01   0.000000E+00 
  5.180000E+00   2.354713E+00   9.784911E-01   0.000000E+00 
  5.200000E+00   2.432342E+00   9.557829E-01   0.000000E+00 
  5.220000E+00   2.432342E+00   9.557829E-01   0.000000E+00 
  5.240000E+00   2.432342E+00   9.557829E-01   0.000000E+00 
  5.260000E+00   2.432342E+00   9.557829E-01   0.000000E+00 
  5.280000E+00   2.432342E+00   9.557829E-01   0.000000E+00 
  5.300000E+00   2.501624E+00   9.044320E-01   0.000000E+00 
  5.320000E+00   2.501624E+00   9.044320E-01   0.000000E+00 
  5.340000E+00   2.501624E+00   9.044320E-01   0.000000E+00 
  5.360000E+00   2.501624E+00   9.044320E-01   0.000000E+00 
  5.380000E+00   2.501624E+00   9.044320E-01   0.000000E+00 
  5.400000E+00   2.557322E+00   8.369601E-01   0.000000E+00 
  5.420000E+00   2.557322E+00   8.369601E-01   0.000000E+00 
  5.440000E+00   2.557322E+00   8.369601E-01   0.000000E+00 
  5.460000E+00   2.557322E+00   8.369601E-01   0.000000E+00 
  5.480000E+00   2.557322E+00   8.369601E-01   0.000000E+00 
  5.500000E+00   2.587674E+00   7.423946E-01   0.000000E+00 
  5.520000E+00   2.587674E+00   7.423946E-01   0.000000E+00 
  5.540000E+00   2.587674E+00   7.423946E-01   0.000000E+00 
  5.560000E+00   2.587674E+00   7.423946E-01   0.000000E+00 
  5.580000E+00   2.587674E+00   7.423946E-01   0.000000E+00 
  5.600000E+00   2.588502E+00   6.407678E-01   0.000000E+00 
  5.620000E+00   2.588502E+00   6.407678E-01   0.000000E+00 
  5.640000E+00   2.588502E+00   6.407678E-01   0.000000E+00 
  5.660000E+00   2.588502E+00   6.407678E-01   0.000000E+00 
  5.680000E+00   2.588502E+00   6.407678E-01   0.000000E+00 
  5.700000E+00   2.560242E+00   5.517397E-01   0.000000E+00 
  5.720000E+00   2.560242E+00   5.517397E-01   0.000000E+00 
  5.740000E+00   2.560242E+00   5.517397E-01   0.000000E+00 
  5.760000E+00   2.560242E+00   5.517397E-01   0.000000E+00 
  5.780000E+00   2.560242E+00   5.517397E-01   0.000000E+00 
  5.800000E+00   2.506356E+00   4.729531E-01   0.000000E+00 
  5.820000E+00   2.506356E+00   4.729531E-01   0.000000E+00 
  5.840000E+00   2.506356E+00   4.729531E-01   0.000000E+00 
  5.860000E+00   2.506356E+00   4.729531E-01   0.000000E+00 
  5.880000E+00   2.506356E+00   4.729531E-01   0.000000E+00 
  5.900000E+00   2.433237E+00   4.327510E-01   0.000000E+00 
  5.920000E+00   2.433237E+00   4.327510E-01   0.000000E+00 
  5.940000E+00   2.433237E+00   4.327510E-01   0.000000E+00 
  5.960000E+00   2.433237E+00   4.327510E-01   0.000000E+00 
  5.980000E+00   2.433237E+00   4.327510E-01   0.000000E+00 
  6.000000E+00   2.347176E+00   4.166702E-01   0.000000E+00 
  6.020000E+00   2.347176E+00   4.166702E-01   0.000000E+00 
  6.040000E+00   2.347176E+00   4.166702E-01   0.000000E+00 
  6.060000E+00   2.347176E+00   4.166702E-01   0.000000E+00 
  6.080000E+00   2.347176E+00   4.166702E-01   0.000000E+00 
  6.100000E+00   2.258467E+00   4.370461E-01   0.000000E+00 
  6.120000E+00   2.258467E+00   4.370461E-01   0.000000E+00 
  6.140000E+00   2.258467E+00   4.370461E-01   0.000000E+00 
  6.160000E+00   2.258467E+00   4.370461E-01   0.000000E+00 
  6.180000E+00   2.258467E+00   4.370461E-01   0.000000E+00 
  6.200000E+00   2.181382E+00   4.925367E-01   0.000000E+00 
  6.220000E+00   2.181382E+00   4.925367E-01   0.000000E+00 
  6.240000E+00   2.181382E+00   4.925367E-01   0.000000E+00 
  6.260000E+00   2.181382E+00   4.925367E-01   0.000000E+00 
  6.280000E+00   2.181382E+00   4.925367E-01   0.000000E+00 
  6.300000E+00   2.122942E+00   5.668484E-01   0.000000E+00 
  6.320000E+00   2.122942E+00   5.668484E-01   0.000000E+00 
  6.340000E+00   2.122942E+00   5.668484E-01   0.000000E+00 
  6.360000E+00   2.122942E+00   5.668484E-01   0.000000E+00 
  6.380000E+00   2.122942E+00   5.668484E-01   0.000000E+00 
  6.400000E+00   2.092869E+00   6.639871E-01   0.000000E+00 
  6.420000E+00   2.092869E+00   6.639871E-01   0.000000E+00 
  6.440000E+00   2.092869E+00   6.639871E-01   0.000000E+00 
  6.460000E+00   2.092869E+00   6.639871E-01   0.000000E+00 
  6.480000E+00   2.092869E+00   6.639871E-01   0.000000E+00 
  6.500000E+00   2.093192E+00   7.653883E-01   0.000000E+00 
  6.520000E+00   2.093192E+00   7.653883E-01   0.000000E+00 
  6.540000E+00   2.093192E+00   7.653883E-01   0.000000E+00 
  6.560000E+00   2.093192E+00   7.653883E-01   0.000000E+00 
  6.580000E+00   2.093192E+00   7.653883E-01   0.000000E+00 
  6.600000E+00   2.122891E+00   8.542641E-01   0.000000E+00 
  6.620000E+00   2.122891E+00   8.542641E-01   0.000000E+00 
  6.640000E+00   2.122891E+00   8.542641E-01   0.000000E+00 
  6.660000E+00   2.122891E+00   8.542641E-01   0.000000E+00 
  6.680000E+00   2.122891E+00   8.542641E-01   0.000000E+00 
  6.700000E+00   2.178325E+00   9.332655E-01   0.000000E+00 
  6.720000E+00   2.178325E+00   9.332655E-01   0.000000E+00 
  6.740000E+00   2.178325E+00   9.332655E-01   0.000000E+00 
  6.760000E+00   2.178325E+00   9.332655E-01   0.000000E+00 
  6.780000E+00   2.178325E+00   9.332655E-01   0.000000E+00 
  6.800000E+00   2.255280E+00   9.799027E-01   0.000000E+00 
  6.820000E+00   2.255280E+00   9.799027E-01   0.000000E+00 
  6.840000E+00   2.255280E+00   9.799027E-01   0.000000E+00 
  6.860000E+00   2.255280E+00   9.799027E-01   0.000000E+00 
  6.880000E+00   2.255280E+00   9.799027E-01   0.000000E+00 
  6.900000E+00   1.000000E+02   1.000000E+02   0.000000E+00 
  6.920000E+00   1.000000E+02   1.000000E+02   0.000000E+00 
  6.940000E+00   1.000000E+02   1.000000E+02   0.000000E+00 
  6.960000E+00   1.000000E+02   1.000000E+02   0.000000E+00 
  6.980000E+00   1.000000E+02   1.000000E+02   0.000000E+00 
  7.000000E+00   1.000000E+02   1.000000E+02   0.000000E+00 
  7.020000E+00   1.000000E+02   1.000000E+02   0.000000E+00 
  7.040000E+00   1.000000E+02   1.000000E+02   0.000000E+00 
  7.060000E+00   1.000000E+02   1.000000E+02   0.000000E+00 
  7.080000E+00   1.000000E+02   1.000000E+02   0.000000E+00 
  7.100000E+00   1.000000E+02   1.000000E+02   0.000000E+00 
  7.120000E+00   1.000000E+02   1.000000E+02   0.000000E+00 
  7.140000E+00   1.000000E+02   1.000000E+02   0.000000E+00 
  7.160000E+00   1.000000E+02   1.000000E+02   0.000000E+00 
  7.180000E+00   1.000000E+02   1.000000E+02   0.000000E+00 
  7.200000E+00   1.000000E+02   1.000000E+02   0.000000E+00 
  7.220000E+00   1.000000E+02   1.000000E+02   0.000000E+00 
  7.240000E+00   1.000000E+02   1.000000E+02   0.000000E+00 
  7.260000E+00   1.000000E+02   1.000000E+02   0.000000E+00 
  7.280000E+00   1.000000E+02   1.000000E+02   0.000000E+00 
  7.300000E+00   1.000000E+02   1.000000E+02   0.000000E+00 
  7.320000E+00   1.000000E+02   1.000000E+02   0.000000E+00 
  7.340000E+00   1.000000E+02   1.000000E+02   0.000000E+00 
  7.360000E+00   1.000000E+02   1.000000E+02   0.000000E+00 
  7.380000E+00   1.000000E+02   1.000000E+02   0.000000E+00 
  7.400000E+00   1.000000E+02   1.000000E+02   0.000000E+00 
  7.420000E+00   1.000000E+02   1.000000E+02   0.000000E+00 
  7.440000E+00   1.000000E+02   1.000000E+02   0.000000E+00 
  7.460000E+00   1.000000E+02   1.000000E+02   0.000000E+00 
  7.480000E+00   1.000000E+02   1.000000E+02   0.000000E+00 
  7.500000E+00   2.918207E+00   9.258494E-01   0.000000E+00 
  7.520000E+00   2.918207E+00   9.258494E-01   0.000000E+00 
  7.540000E+00   2.918207E+00   9.258494E-01   0.000000E+00 
  7.560000E+00   2.918207E+00   9.258494E-01   0.000000E+00 
  7.580000E+00   2.918207E+00   9.258494E-01   0.000000E+00 
  7.600000E+00   2.964223E+00   8.474077E-01   0.000000E+00 
  7.620000E+00   2.964223E+00   8.474077E-01   0.000000E+00 
  7.640000E+00   2.964223E+00   8.474077E-01   0.000000E+00 
  7.660000E+00   2.964223E+00   8.474077E-01   0.000000E+00 
  7.680000E+00   2.964223E+00   8.474077E-01   0.000000E+00 
  7.700000E+00   3.003957E+00   7.692419E-01   0.000000E+00 
  7.720000E+00   3.003957E+00   7.692419E-01   0.000000E+00 
  7.740000E+00   3.003957E+00   7.692419E-01   0.000000E+00 
  7.760000E+00   3.003957E+00   7.692419E-01   0.000000E+00 
  7.780000E+00   3.003957E+00   7.692419E-01   0.000000E+00 
  7.800000E+00   3.042027E+00   6.914013E-01   0.000000E+00 
  7.820000E+00   3.042027E+00   6.914013E-01   0.000000E+00 
  7.840000E+00   3.042027E+00   6.914013E-01   0.000000E+00 
  7.860000E+00   3.042027E+00   6.914013E-01   0.000000E+00 
  7.880000E+00   3.042027E+00   6.914013E-01   0.000000E+00 
  7.900000E+00   3.080388E+00   6.136437E-01   0.000000E+00 
  7.920000E+00   3.080388E+00   6.136437E-01   0.000000E+00 
  7.940000E+00   3.080388E+00   6.136437E-01   0.000000E+00 
  7.960000E+00   3.080388E+00   6.136437E-01   0.000000E+00 
  7.980000E+00   3.080388E+00   6.136437E-01   0.000000E+00 
  8.000000E+00   3.119714E+00   5.359026E-01   0.000000E+00 
  8.020000E+00   3.119714E+00   5.359026E-01   0.000000E+00 
  8.040000E+00   3.119714E+00   5.359026E-01   0.000000E+00 
  8.060000E+00   3.119714E+00   5.359026E-01   0.000000E+00 
  8.080000E+00   3.119714E+00   5.359026E-01   0.000000E+00 
  8.100000E+00   3.160109E+00   4.604494E-01   0.000000E+00 
  8.120000E+00   3.160109E+00   4.604494E-01   0.000000E+00 
  8.140000E+00   3.160109E+00   4.604494E-01   0.000000E+00 
  8.160000E+00   3.160109E+00   4.604494E-01   0.000000E+00 
  8.180000E+00   3.160109E+00   4.604494E-01   0.000000E+00 
  8.200000E+00   3.201769E+00   4.647631E-01   0.000000E+00 
  8.220000E+00   3.201769E+00   4.647631E-01   0.000000E+00 
  8.240000E+00   3.201769E+00   4.647631E-01   0.000000E+00 
  8.260000E+00   3.201769E+00   4.647631E-01   0.000000E+00 
  8.280000E+00   3.201769E+00   4.647631E-01   0.000000E+00 
  8.300000E+00   3.245006E+00   5.429198E-01   0.000000E+00 
  8.320000E+00   3.245006E+00   5.429198E-01   0.000000E+00 
  8.340000E+00   3.245006E+00   5.429198E-01   0.000000E+00 
  8.360000E+00   3.245006E+00   5.429198E-01   0.000000E+00 
  8.380000E+00   3.245006E+00   5.429198E-01   0.000000E+00 
  8.400000E+00   3.289723E+00   6.412679E-01   0.000000E+00 
  8.420000E+00   3.289723E+00   6.412679E-01   0.000000E+00 
  8.440000E+00   3.289723E+00   6.412679E-01   0.000000E+00 
  8.460000E+00   3.289723E+00   6.412679E-01   0.000000E+00 
  8.480000E+00   3.289723E+00   6.412679E-01   0.000000E+00 
  8.500000E+00   3.335656E+00   7.437287E-01   0.000000E+00 
  8.520000E+00   3.335656E+00   7.437287E-01   0.000000E+00 
  8.540000E+00   3.335656E+00   7.437287E-01   0.000000E+00 
  8.560000E+00   3.335656E+00   7.437287E-01   0.000000E+00 
  8.580000E+00   3.335656E+00   7.437287E-01   0.000000E+00 
  8.600000E+00   3.382520E+00   8.469329E-01   0.000000E+00 
  8.620000E+00   3.382520E+00   8.469329E-01   0.000000E+00 
  8.640000E+00   3.382520E+00   8.469329E-01   0.000000E+00 
  8.660000E+00   3.382520E+00   8.469329E-01   0.000000E+00 
  8.680000E+00   3.382520E+00   8.469329E-01   0.000000E+00 
  8.700000E+00   3.430066E+00   9.502630E-01   0.000000E+00 
  8.720000E+00   3.430066E+00   9.502630E-01   0.000000E+00 
  8.740000E+00   3.430066E+00   9.502630E-01   0.000000E+00 
  8.760000E+00   3.430066E+00   9.502630E-01   0.000000E+00 
  8.780000E+00   3.430066E+00   9.502630E-01   0.000000E+00 
  8.800000E+00   1.000000E+02   1.000000E+02   0.000000E+00 
  8.820000E+00   1.000000E+02   1.000000E+02   0.000000E+00 
  8.840000E+00   1.000000E+02   1.000000E+02   0.000000E+00 
  8.860000E+00   1.000000E+02   1.000000E+02   0.000000E+00 
  8.880000E+00   1.000000E+02   1.000000E+02   0.000000E+00 
  8.900000E+00   1.000000E+02   1.000000E+02   0.000000E+00 
  8.920000E+00   1.000000E+02   1.000000E+02   0.000000E+00 
  8.940000E+00   1.000000E+02   1.000000E+02   0.000000E+00 
  8.960000E+00   1.000000E+02   1.000000E+02   0.000000E+00 
  8.980000E+00   1.000000E+02   1.000000E+02   0.000000E+00 
  9.000000E+00   1.000000E+02   1.000000E+02   0.000000E+00 
  9.020000E+00   1.000000E+02   1.000000E+02   0.000000E+00 
  9.040000E+00   1.000000E+02   1.000000E+02   0.000000E+00 
  9.060000E+00   1.000000E+02   1.000000E+02   0.000000E+00 
  9.080000E+00   1.000000E+02   1.000000E+02   0.000000E+00 
  9.100000E+00   1.000000E+02   1.000000E+02   0.000000E+00 
  9.120000E+00   1.000000E+02   1.000000E+02   0.000000E+00 
  9.140000E+00   1.000000E+02   1.000000E+02   0.000000E+00 
  9.160000E+00   1.000000E+02   1.000000E+02   0.000000E+00 
  9.180000E+00   1.000000E+02   1.000000E+02   0.000000E+00 
  9.200000E+00   1.000000E+02   1.000000E+02   0.000000E+00 
  9.220000E+00   1.000000E+02   1.000000E+02   0.000000E+00 
  9.240000E+00   1.000000E+02   1.000000E+02   0.000000E+00 
  9.260000E+00   1.000000E+02   1.000000E+02   0.000000E+00 
  9.280000E+00   1.000000E+02   1.000000E+02   0.000000E+00 
  9.300000E+00   1.000000E+02   1.000000E+02   0.000000E+00 
  9.320000E+00   1.000000E+02   1.000000E+02   0.000000E+00 
  9.340000E+00   1.000000E+02   1.000000E+02   0.000000E+00 
  9.360000E+00   1.000000E+02   1.000000E+02   0.000000E+00 
  9.380000E+00   1.000000E+02   1.000000E+02   0.000000E+00 
  9.400000E+00   1.000000E+02   1.000000E+02   0.000000E+00 
  9.420000E+00   1.000000E+02   1.000000E+02   0.000000E+00 
  9.440000E+00   1.000000E+02   1.000000E+02   0.000000E+00 
  9.460000E+00   1.000000E+02   1.000000E+02   0.000000E+00 
  9.480000E+00   1.000000E+02   1.000000E+02   0.000000E+00 
  9.500000E+00   4.115812E+00   9.991473E-01   0.000000E+00 
  9.520000E+00   4.115812E+00   9.991473E-01   0.000000E+00 
  9.540000E+00   4.115812E+00   9.991473E-01   0.000000E+00 
  9.560000E+00   4.115812E+00   9.991473E-01   0.000000E+00 
  9.580000E+00   4.115812E+00   9.991473E-01   0.000000E+00 
  9.600000E+00   4.072766E+00   9.927053E-01   0.000000E+00 
  9.620000E+00   4.072766E+00   9.927053E-01   0.000000E+00 
  9.640000E+00   4.072766E+00   9.927053E-01   0.000000E+00 
  9.660000E+00   4.072766E+00   9.927053E-01   0.000000E+00 
  9.680000E+00   4.072766E+00   9.927053E-01   0.000000E+00 
  9.700000E+00   4.000659E+00   9.818309E-01   0.000000E+00 
  9.720000E+00   4.000659E+00   9.818309E-01   0.000000E+00 
  9.740000E+00   4.000659E+00   9.818309E-01   0.000000E+00 
  9.760000E+00   4.000659E+00   9.818309E-01   0.000000E+00 
  9.780000E+00   4.000659E+00   9.818309E-01   0.000000E+00 
  9.800000E+00   3.923440E+00   9.697486E-01   0.000000E+00 
  9.820000E+00   3.923440E+00   9.697486E-01   0.000000E+00 
  9.840000E+00   3.923440E+00   9.697486E-01   0.000000E+00 
  9.860000E+00   3.923440E+00   9.697486E-01   0.000000E+00 
  9.880000E+00   3.923440E+00   9.697486E-01   0.000000E+00 
  9.900000E+00   3.850708E+00   9.574207E-01   0.000000E+00 
  9.920000E+00   3.850708E+00   9.574207E-01   0.000000E+00 
  9.940000E+00   3.850708E+00   9.574207E-01   0.000000E+00 
  9.960000E+00   3.850708E+00   9.574207E-01   0.000000E+00 
  9.980000E+00   3.850708E+00   9.574207E-01   0.000000E+00 
  1.000000E+01   3.786490E+00   9.341918E-01   0.000000E+00 
  1.002000E+01   3.786490E+00   9.341918E-01   0.000000E+00 
  1.004000E+01   3.786490E+00   9.341918E-01   0.000000E+00 
  1.006000E+01   3.786490E+00   9.341918E-01   0.000000E+00 
  1.008000E+01   3.786490E+00   9.341918E-01   0.000000E+00 
  1.010000E+01   3.740157E+00   8.628462E-01   0.000000E+00 
  1.012000E+01   3.740157E+00   8.628462E-01   0.000000E+00 
  1.014000E+01   3.740157E+00   8.628462E-01   0.000000E+00 
  1.016000E+01   3.740157E+00   8.628462E-01   0.000000E+00 
  1.018000E+01   3.740157E+00   8.628462E-01   0.000000E+00 
  1.020000E+01   3.716463E+00   7.695838E-01   0.000000E+00 
  1.022000E+01   3.716463E+00   7.695838E-01   0.000000E+00 
  1.024000E+01   3.716463E+00   7.695838E-01   0.000000E+00 
  1.026000E+01   3.716463E+00   7.695838E-01   0.000000E+00 
  1.028000E+01   3.716463E+00   7.695838E-01   0.000000E+00 
  1.030000E+01   3.713688E+00   6.712367E-01   0.000000E+00 
  1.032000E+01   3.713688E+00   6.712367E-01   0.000000E+00 
  1.034000E+01   3.713688E+00   6.712367E-01   0.000000E+00 
  1.036000E+01   3.713688E+00   6.712367E-01   0.000000E+00 
  1.038000E+01   3.713688E+00   6.712367E-01   0.000000E+00 
  1.040000E+01   3.727961E+00   5.719148E-01   0.000000E+00 
  1.042000E+01   3.727961E+00   5.719148E-01   0.000000E+00 
  1.044000E+01   3.727961E+00   5.719148E-01   0.000000E+00 
  1.046000E+01   3.727961E+00   5.719148E-01   0.000000E+00 
  1.048000E+01   3.727961E+00   5.719148E-01   0.000000E+00 
  1.050000E+01   3.755218E+00   4.724221E-01   0.000000E+00 
  1.052000E+01   3.755218E+00   4.724221E-01   0.000000E+00 
  1.054000E+01   3.755218E+00   4.724221E-01   0.000000E+00 
  1.056000E+01   3.755218E+00   4.724221E-01   0.000000E+00 
  1.058000E+01   3.755218E+00   4.724221E-01   0.000000E+00 
  1.060000E+01   3.792525E+00   3.871381E-01   0.000000E+00 
  1.062000E+01   3.792525E+00   3.871381E-01   0.000000E+00 
  1.064000E+01   3.792525E+00   3.871381E-01   0.000000E+00 
  1.066000E+01   3.792525E+00   3.871381E-01   0.000000E+00 
  1.068000E+01   3.792525E+00   3.871381E-01   0.000000E+00 
  1.070000E+01   3.841670E+00   3.649400E-01   0.000000E+00 
  1.072000E+01   3.841670E+00   3.649400E-01   0.000000E+00 
  1.074000E+01   3.841670E+00   3.649400E-01   0.000000E+00 
  1.076000E+01   3.841670E+00   3.649400E-01   0.000000E+00 
  1.078000E+01   3.841670E+00   3.649400E-01   0.000000E+00 
  1.080000E+01   3.903434E+00   3.714812E-01   0.000000E+00 
  1.082000E+01   3.903434E+00   3.714812E-01   0.000000E+00 
  1.084000E+01   3.903434E+00   3.714812E-01   0.000000E+00 
  1.086000E+01   3.903434E+00   3.714812E-01   0.000000E+00 
  1.088000E+01   3.903434E+00   3.714812E-01   0.000000E+00 
  1.090000E+01   3.976170E+00   3.846900E-01   0.000000E+00 
  1.092000E+01   3.976170E+00   3.846900E-01   0.000000E+00 
  1.094000E+01   3.976170E+00   3.846900E-01   0.000000E+00 
  1.096000E+01   3.976170E+00   3.846900E-01   0.000000E+00 
  1.098000E+01   3.976170E+00   3.846900E-01   0.000000E+00 
  1.100000E+01   1.000000E+02   1.000000E+02   0.000000E+00 
  1.102000E+01   1.000000E+02   1.000000E+02   0.000000E+00 
  1.104000E+01   1.000000E+02   1.000000E+02   0.000000E+00 
  1.106000E+01   1.000000E+02   1.000000E+02   0.000000E+00 
  1.108000E+01   1.000000E+02   1.000000E+02   0.000000E+00 
  1.110000E+01   1.000000E+02   1.000000E+02   0.000000E+00 
  1.112000E+01   1.000000E+02   1.000000E+02   0.000000E+00 
  1.114000E+01   1.000000E+02   1.000000E+02   0.000000E+00 
  1.116000E+01   1.000000E+02   1.000000E+02   0.000000E+00 
  1.118000E+01   1.000000E+02   1.000000E+02   0.000000E+00 
  1.120000E+01   1.000000E+02   1.000000E+02   0.000000E+00 
  1.122000E+01   1.000000E+02   1.000000E+02   0.000000E+00 
  1.124000E+01   1.000000E+02   1.000000E+02   0.000000E+00 
  1.126000E+01   1.000000E+02   1.000000E+02   0.000000E+00 
  1.128000E+01   1.000000E+02   1.000000E+02   0.000000E+00 
  1.130000E+01   1.000000E+02   1.000000E+02   0.000000E+00 
  1.132000E+01   1.000000E+02   1.000000E+02   0.000000E+00 
  1.134000E+01   1.000000E+02   1.000000E+02   0.000000E+00 
  1.136000E+01   1.000000E+02   1.000000E+02   0.000000E+00 
  1.138000E+01   1.000000E+02   1.000000E+02   0.000000E+00 
  1.140000E+01   1.000000E+02   1.000000E+02   0.000000E+00 
  1.142000E+01   1.000000E+02   1.000000E+02   0.000000E+00 
  1.144000E+01   1.000000E+02   1.000000E+02   0.000000E+00 
  1.146000E+01   1.000000E+02   1.000000E+02   0.000000E+00 
  1.148000E+01   1.000000E+02   1.000000E+02   0.000000E+00 
  1.150000E+01   1.000000E+02   1.000000E+02   0.000000E+00 
  1.152000E+01   1.000000E+02   1.000000E+02   0.000000E+00 
  1.154000E+01   1.000000E+02   1.000000E+02   0.000000E+00 
  1.156000E+01   1.000000E+02   1.000000E+02   0.000000E+00 
  1.158000E+01   1.000000E+02   1.000000E+02   0.000000E+00 
  1.160000E+01   3.794177E+00   7.003622E-01   0.000000E+00 
  1.162000E+01   3.794177E+00   7.003622E-01   0.000000E+00 
  1.164000E+01   3.794177E+00   7.003622E-01   0.000000E+00 
  1.166000E+01   3.794177E+00   7.003622E-01   0.000000E+00 
  1.168000E+01   3.794177E+00   7.003622E-01   0.000000E+00 
  1.170000E+01   3.883336E+00   6.995958E-01   0.000000E+00 
  1.172000E+01   3.883336E+00   6.995958E-01   0.000000E+00 
  1.174000E+01   3.883336E+00   6.995958E-01   0.000000E+00 
  1.176000E+01   3.883336E+00   6.995958E-01   0.000000E+00 
  1.178000E+01   3.883336E+00   6.995958E-01   0.000000E+00 
  1.180000E+01   3.990261E+00   6.966890E-01   0.000000E+00 
  1.182000E+01   3.990261E+00   6.966890E-01   0.000000E+00 
  1.184000E+01   3.990261E+00   6.966890E-01   0.000000E+00 
  1.186000E+01   3.990261E+00   6.966890E-01   0.000000E+00 
  1.188000E+01   3.990261E+00   6.966890E-01   0.000000E+00 
  1.190000E+01   1.000000E+02   1.000000E+02   0.000000E+00 
  1.192000E+01   1.000000E+02   1.000000E+02   0.000000E+00 
  1.194000E+01   1.000000E+02   1.000000E+02   0.000000E+00 
  1.196000E+01   1.000000E+02   1.000000E+02   0.000000E+00 
  1.198000E+01   1.000000E+02   1.000000E+02   0.000000E+00 
  1.200000E+01   1.000000E+02   1.000000E+02   0.000000E+00 
  1.202000E+01   1.000000E+02   1.000000E+02   0.000000E+00 
  1.204000E+01   1.000000E+02   1.000000E+02   0.000000E+00 
  1.206000E+01   1.000000E+02   1.000000E+02   0.000000E+00 
  1.208000E+01   1.000000E+02   1.000000E+02   0.000000E+00 
  1.210000E+01   1.000000E+02   1.000000E+02   0.000000E+00 
  1.212000E+01   1.000000E+02   1.000000E+02   0.000000E+00 
  1.214000E+01   1.000000E+02   1.000000E+02   0.000000E+00 
  1.216000E+01   1.000000E+02   1.000000E+02   0.000000E+00 
  1.218000E+01   1.000000E+02   1.000000E+02   0.000000E+00 
  1.220000E+01   1.000000E+02   1.000000E+02   0.000000E+00 
  1.222000E+01   1.000000E+02   1.000000E+02   0.000000E+00 
  1.224000E+01   1.000000E+02   1.000000E+02   0.000000E+00 
  1.226000E+01   1.000000E+02   1.000000E+02   0.000000E+00 
  1.228000E+01   1.000000E+02   1.000000E+02   0.000000E+00 
  1.230000E+01   1.000000E+02   1.000000E+02   0.000000E+00 
  1.232000E+01   1.000000E+02   1.000000E+02   0.000000E+00 
  1.234000E+01   1.000000E+02   1.000000E+02   0.000000E+00 
  1.236000E+01   1.000000E+02   1.000000E+02   0.000000E+00 
  1.238000E+01   1.000000E+02   1.000000E+02   0.000000E+00 
  1.240000E+01   1.000000E+02   1.000000E+02   0.000000E+00 
  1.242000E+01   1.000000E+02   1.000000E+02   0.000000E+00 
  1.244000E+01   1.000000E+02   1.000000E+02   0.000000E+00 
  1.246000E+01   1.000000E+02   1.000000E+02   0.000000E+00 
  1.248000E+01   1.000000E+02   1.000000E+02   0.000000E+00 
  1.250000E+01   1.000000E+02   1.000000E+02   0.000000E+00 
  1.252000E+01   1.000000E+02   1.000000E+02   0.000000E+00 
  1.254000E+01   1.000000E+02   1.000000E+02   0.000000E+00 
  1.256000E+01   1.000000E+02   1.000000E+02   0.000000E+00 
  1.258000E+01   1.000000E+02   1.000000E+02   0.000000E+00 
  1.260000E+01   1.000000E+02   1.000000E+02   0.000000E+00 
  1.262000E+01   1.000000E+02   1.000000E+02   0.000000E+00 
  1.264000E+01   1.000000E+02   1.000000E+02   0.000000E+00 
  1.266000E+01   1.000000E+02   1.000000E+02   0.000000E+00 
  1.268000E+01   1.000000E+02   1.000000E+02   0.000000E+00 
  1.270000E+01   1.000000E+02   1.000000E+02   0.000000E+00 
  1.272000E+01   1.000000E+02   1.000000E+02   0.000000E+00 
  1.274000E+01   1.000000E+02   1.000000E+02   0.000000E+00 
  1.276000E+01   1.000000E+02   1.000000E+02   0.000000E+00 
  1.278000E+01   1.000000E+02   1.000000E+02   0.000000E+00 
  1.280000E+01   1.000000E+02   1.000000E+02   0.000000E+00 
  1.282000E+01   1.000000E+02   1.000000E+02   0.000000E+00 
  1.284000E+01   1.000000E+02   1.000000E+02   0.000000E+00 
  1.286000E+01   1.000000E+02   1.000000E+02   0.000000E+00 
  1.288000E+01   1.000000E+02   1.000000E+02   0.000000E+00 
  1.290000E+01   1.000000E+02   1.000000E+02   0.000000E+00 
  1.292000E+01   1.000000E+02   1.000000E+02   0.000000E+00 
  1.294000E+01   1.000000E+02   1.000000E+02   0.000000E+00 
  1.296000E+01   1.000000E+02   1.000000E+02   0.000000E+00 
  1.298000E+01   1.000000E+02   1.000000E+02   0.000000E+00 
  1.300000E+01   5.059658E+00   4.925524E-01   0.000000E+00 
  1.302000E+01   5.059658E+00   4.925524E-01   0.000000E+00 
  1.304000E+01   5.059658E+00   4.925524E-01   0.000000E+00 
  1.306000E+01   5.059658E+00   4.925524E-01   0.000000E+00 
  1.308000E+01   5.059658E+00   4.925524E-01   0.000000E+00 
  1.310000E+01   5.075723E+00   5.745779E-01   0.000000E+00 
  1.312000E+01   5.075723E+00   5.745779E-01   0.000000E+00 
  1.314000E+01   5.075723E+00   5.745779E-01   0.000000E+00 
  1.316000E+01   5.075723E+00   5.745779E-01   0.000000E+00 
  1.318000E+01   5.075723E+00   5.745779E-01   0.000000E+00 
  1.320000E+01   5.085494E+00   6.620406E-01   0.000000E+00 
  1.322000E+01   5.085494E+00   6.620406E-01   0.000000E+00 
  1.324000E+01   5.085494E+00   6.620406E-01   0.000000E+00 
  1.326000E+01   5.085494E+00   6.620406E-01   0.000000E+00 
  1.328000E+01   5.085494E+00   6.620406E-01   0.000000E+00 
  1.330000E+01   5.094109E+00   7.505514E-01   0.000000E+00 
  1.332000E+01   5.094109E+00   7.505514E-01   0.000000E+00 
  1.334000E+01   5.094109E+00   7.505514E-01   0.000000E+00 
  1.336000E+01   5.094109E+00   7.505514E-01   0.000000E+00 
  1.338000E+01   5.094109E+00   7.505514E-01   0.000000E+00 
  1.340000E+01   5.103640E+00   8.392463E-01   0.000000E+00 
  1.342000E+01   5.103640E+00   8.392463E-01   0.000000E+00 
  1.344000E+01   5.103640E+00   8.392463E-01   0.000000E+00 
  1.346000E+01   5.103640E+00   8.392463E-01   0.000000E+00 
  1.348000E+01   5.103640E+00   8.392463E-01   0.000000E+00 
  1.350000E+01   5.114706E+00   9.279719E-01   0.000000E+00 
  1.352000E+01   5.114706E+00   9.279719E-01   0.000000E+00 
  1.354000E+01   5.114706E+00   9.279719E-01   0.000000E+00 
  1.356000E+01   5.114706E+00   9.279719E-01   0.000000E+00 
  1.358000E+01   5.114706E+00   9.279719E-01   0.000000E+00 
  1.360000E+01   5.129191E+00   9.701053E-01   0.000000E+00 
  1.362000E+01   5.129191E+00   9.701053E-01   0.000000E+00 
  1.364000E+01   5.129191E+00   9.701053E-01   0.000000E+00 
  1.366000E+01   5.129191E+00   9.701053E-01   0.000000E+00 
  1.368000E+01   5.129191E+00   9.701053E-01   0.000000E+00 
  1.370000E+01   5.153413E+00   9.208609E-01   0.000000E+00 
  1.372000E+01   5.153413E+00   9.208609E-01   0.000000E+00 
  1.374000E+01   5.153413E+00   9.208609E-01   0.000000E+00 
  1.376000E+01   5.153413E+00   9.208609E-01   0.000000E+00 
  1.378000E+01   5.153413E+00   9.208609E-01   0.000000E+00 
  1.380000E+01   5.189422E+00   8.409280E-01   0.000000E+00 
  1.382000E+01   5.189422E+00   8.409280E-01   0.000000E+00 
  1.384000E+01   5.189422E+00   8.409280E-01   0.000000E+00 
  1.386000E+01   5.189422E+00   8.409280E-01   0.000000E+00 
  1.388000E+01   5.189422E+00   8.409280E-01   0.000000E+00 
  1.390000E+01   5.236149E+00   7.543622E-01   0.000000E+00 
  1.392000E+01   5.236149E+00   7.543622E-01   0.000000E+00 
  1.394000E+01   5.236149E+00   7.543622E-01   0.000000E+00 
  1.396000E+01   5.236149E+00   7.543622E-01   0.000000E+00 
  1.398000E+01   5.236149E+00   7.543622E-01   0.000000E+00 
  1.400000E+01   5.291458E+00   6.698515E-01   0.000000E+00 
  1.402000E+01   5.291458E+00   6.698515E-01   0.000000E+00 
  1.404000E+01   5.291458E+00   6.698515E-01   0.000000E+00 
  1.406000E+01   5.291458E+00   6.698515E-01   0.000000E+00 
  1.408000E+01   5.291458E+00   6.698515E-01   0.000000E+00 
  1.410000E+01   5.349622E+00   6.630546E-01   0.000000E+00 
  1.412000E+01   5.349622E+00   6.630546E-01   0.000000E+00 
  1.414000E+01   5.349622E+00   6.630546E-01   0.000000E+00 
  1.416000E+01   5.349622E+00   6.630546E-01   0.000000E+00 
  1.418000E+01   5.349622E+00   6.630546E-01   0.000000E+00 
  1.420000E+01   5.403861E+00   7.210835E-01   0.000000E+00 
  1.422000E+01   5.403861E+00   7.210835E-01   0.000000E+00 
  1.424000E+01   5.403861E+00   7.210835E-01   0.000000E+00 
  1.426000E+01   5.403861E+00   7.210835E-01   0.000000E+00 
  1.428000E+01   5.403861E+00   7.210835E-01   0.000000E+00 
  1.430000E+01   5.452018E+00   7.963909E-01   0.000000E+00 
  1.432000E+01   5.452018E+00   7.963909E-01   0.000000E+00 
  1.434000E+01   5.452018E+00   7.963909E-01   0.000000E+00 
  1.436000E+01   5.452018E+00   7.963909E-01   0.000000E+00 
  1.438000E+01   5.452018E+00   7.963909E-01   0.000000E+00 
  1.440000E+01   5.494240E+00   8.751877E-01   0.000000E+00 
  1.442000E+01   5.494240E+00   8.751877E-01   0.000000E+00 
  1.444000E+01   5.494240E+00   8.751877E-01   0.000000E+00 
  1.446000E+01   5.494240E+00   8.751877E-01   0.000000E+00 
  1.448000E+01   5.494240E+00   8.751877E-01   0.000000E+00 
  1.450000E+01   5.531193E+00   9.320149E-01   0.000000E+00 
  1.452000E+01   5.531193E+00   9.320149E-01   0.000000E+00 
  1.454000E+01   5.531193E+00   9.320149E-01   0.000000E+00 
  1.456000E+01   5.531193E+00   9.320149E-01   0.000000E+00 
  1.458000E+01   5.531193E+00   9.320149E-01   0.000000E+00 
  1.460000E+01   5.561436E+00   8.847259E-01   0.000000E+00 
  1.462000E+01   5.561436E+00   8.847259E-01   0.000000E+00 
  1.464000E+01   5.561436E+00   8.847259E-01   0.000000E+00 
  1.466000E+01   5.561436E+00   8.847259E-01   0.000000E+00 
  1.468000E+01   5.561436E+00   8.847259E-01   0.000000E+00 
  1.470000E+01   5.584338E+00   7.892105E-01   0.000000E+00 
  1.472000E+01   5.584338E+00   7.892105E-01   0.000000E+00 
  1.474000E+01   5.584338E+00   7.892105E-01   0.000000E+00 
  1.476000E+01   5.584338E+00   7.892105E-01   0.000000E+00 
  1.478000E+01   5.584338E+00   7.892105E-01   0.000000E+00 
  1.480000E+01   5.600789E+00   6.824646E-01   0.000000E+00 
  1.482000E+01   5.600789E+00   6.824646E-01   0.000000E+00 
  1.484000E+01   5.600789E+00   6.824646E-01   0.000000E+00 
  1.486000E+01   5.600789E+00   6.824646E-01   0.000000E+00 
  1.488000E+01   5.600789E+00   6.824646E-01   0.000000E+00 
  1.490000E+01   5.612118E+00   5.735624E-01   0.000000E+00 
  1.492000E+01   5.612118E+00   5.735624E-01   0.000000E+00 
  1.494000E+01   5.612118E+00   5.735624E-01   0.000000E+00 
  1.496000E+01   5.612118E+00   5.735624E-01   0.000000E+00 
  1.498000E+01   5.612118E+00   5.735624E-01   0.000000E+00 
  1.500000E+01   5.619604E+00   4.642821E-01   0.000000E+00 
  1.502000E+01   5.619604E+00   4.642821E-01   0.000000E+00 
  1.504000E+01   5.619604E+00   4.642821E-01   0.000000E+00 
  1.506000E+01   5.619604E+00   4.642821E-01   0.000000E+00 
  1.508000E+01   5.619604E+00   4.642821E-01   0.000000E+00 
  1.510000E+01   1.000000E+02   1.000000E+02   0.000000E+00 
  1.512000E+01   1.000000E+02   1.000000E+02   0.000000E+00 
  1.514000E+01   1.000000E+02   1.000000E+02   0.000000E+00 
  1.516000E+01   1.000000E+02   1.000000E+02   0.000000E+00 
  1.518000E+01   1.000000E+02   1.000000E+02   0.000000E+00 
  1.520000E+01   1.000000E+02   1.000000E+02   0.000000E+00 
  1.522000E+01   1.000000E+02   1.000000E+02   0.000000E+00 
  1.524000E+01   1.000000E+02   1.000000E+02   0.000000E+00 
  1.526000E+01   1.000000E+02   1.000000E+02   0.000000E+00 
  1.528000E+01   1.000000E+02   1.000000E+02   0.000000E+00 
  1.530000E+01   1.000000E+02   1.000000E+02   0.000000E+00 
  1.532000E+01   1.000000E+02   1.000000E+02   0.000000E+00 
  1.534000E+01   1.000000E+02   1.000000E+02   0.000000E+00 
  1.536000E+01   1.000000E+02   1.000000E+02   0.000000E+00 
  1.538000E+01   1.000000E+02   1.000000E+02   0.000000E+00 
  1.540000E+01   1.000000E+02   1.000000E+02   0.000000E+00 
  1.542000E+01   1.000000E+02   1.000000E+02   0.000000E+00 
  1.544000E+01   1.000000E+02   1.000000E+02   0.000000E+00 
  1.546000E+01   1.000000E+02   1.000000E+02   0.000000E+00 
  1.548000E+01   1.000000E+02   1.000000E+02   0.000000E+00 
  1.550000E+01   1.000000E+02   1.000000E+02   0.000000E+00 
  1.552000E+01   1.000000E+02   1.000000E+02   0.000000E+00 
  1.554000E+01   1.000000E+02   1.000000E+02   0.000000E+00 
  1.556000E+01   1.000000E+02   1.000000E+02   0.000000E+00 
  1.558000E+01   1.000000E+02   1.000000E+02   0.000000E+00 
  1.560000E+01   1.000000E+02   1.000000E+02   0.000000E+00 
  1.562000E+01   1.000000E+02   1.000000E+02   0.000000E+00 
  1.564000E+01   1.000000E+02   1.000000E+02   0.000000E+00 
  1.566000E+01   1.000000E+02   1.000000E+02   0.000000E+00 
  1.568000E+01   1.000000E+02   1.000000E+02   0.000000E+00 
  1.570000E+01   1.000000E+02   1.000000E+02   0.000000E+00 
  1.572000E+01   1.000000E+02   1.000000E+02   0.000000E+00 
  1.574000E+01   1.000000E+02   1.000000E+02   0.000000E+00 
  1.576000E+01   1.000000E+02   1.000000E+02   0.000000E+00 
  1.578000E+01   1.000000E+02   1.000000E+02   0.000000E+00 
  1.580000E+01   1.000000E+02   1.000000E+02   0.000000E+00 
  1.582000E+01   1.000000E+02   1.000000E+02   0.000000E+00 
  1.584000E+01   1.000000E+02   1.000000E+02   0.000000E+00 
  1.586000E+01   1.000000E+02   1.000000E+02   0.000000E+00 
  1.588000E+01   1.000000E+02   1.000000E+02   0.000000E+00 
  1.590000E+01   1.000000E+02   1.000000E+02   0.000000E+00 
  1.592000E+01   1.000000E+02   1.000000E+02   0.000000E+00 
  1.594000E+01   1.000000E+02   1.000000E+02   0.000000E+00 
  1.596000E+01   1.000000E+02   1.000000E+02   0.000000E+00 
  1.598000E+01   1.000000E+02   1.000000E+02   0.000000E+00 
  1.600000E+01   1.000000E+02   1.000000E+02   0.000000E+00 
  1.602000E+01   1.000000E+02   1.000000E+02   0.000000E+00 
  1.604000E+01   1.000000E+02   1.000000E+02   0.000000E+00 
  1.606000E+01   1.000000E+02   1.000000E+02   0.000000E+00 
  1.608000E+01   1.000000E+02   1.000000E+02   0.000000E+00 
  1.610000E+01   6.241738E+00   9.959749E-01   0.000000E+00 
  1.612000E+01   6.241738E+00   9.959749E-01   0.000000E+00 
  1.614000E+01   6.241738E+00   9.959749E-01   0.000000E+00 
  1.616000E+01   6.241738E+00   9.959749E-01   0.000000E+00 
  1.618000E+01   6.241738E+00   9.959749E-01   0.000000E+00 
  1.620000E+01   6.177218E+00   9.889079E-01   0.000000E+00 
  1.622000E+01   6.177218E+00   9.889079E-01   0.000000E+00 
  1.624000E+01   6.177218E+00   9.889079E-01   0.000000E+00 
  1.626000E+01   6.177218E+00   9.889079E-01   0.000000E+00 
  1.628000E+01   6.177218E+00   9.889079E-01   0.000000E+00 
  1.630000E+01   6.104272E+00   9.763610E-01   0.000000E+00 
  1.632000E+01   6.104272E+00   9.763610E-01   0.000000E+00 
  1.634000E+01   6.104272E+00   9.763610E-01   0.000000E+00 
  1.636000E+01   6.104272E+00   9.763610E-01   0.000000E+00 
  1.638000E+01   6.104272E+00   9.763610E-01   0.000000E+00 
  1.640000E+01   6.032806E+00   9.627013E-01   0.000000E+00 
  1.642000E+01   6.032806E+00   9.627013E-01   0.000000E+00 
  1.644000E+01   6.032806E+00   9.627013E-01   0.000000E+00 
  1.646000E+01   6.032806E+00   9.627013E-01   0.000000E+00 
  1.648000E+01   6.032806E+00   9.627013E-01   0.000000E+00 
  1.650000E+01   5.966588E+00   9.453597E-01   0.000000E+00 
  1.652000E+01   5.966588E+00   9.453597E-01   0.000000E+00 
  1.654000E+01   5.966588E+00   9.453597E-01   0.000000E+00 
  1.656000E+01   5.966588E+00   9.453597E-01   0.000000E+00 
  1.658000E+01   5.966588E+00   9.453597E-01   0.000000E+00 
  1.660000E+01   5.914199E+00   8.845574E-01   0.000000E+00 
  1.662000E+01   5.914199E+00   8.845574E-01   0.000000E+00 
  1.664000E+01   5.914199E+00   8.845574E-01   0.000000E+00 
  1.666000E+01   5.914199E+00   8.845574E-01   0.000000E+00 
  1.668000E+01   5.914199E+00   8.845574E-01   0.000000E+00 
  1.670000E+01   5.883673E+00   7.943356E-01   0.000000E+00 
  1.672000E+01   5.883673E+00   7.943356E-01   0.000000E+00 
  1.674000E+01   5.883673E+00   7.943356E-01   0.000000E+00 
  1.676000E+01   5.883673E+00   7.943356E-01   0.000000E+00 
  1.678000E+01   5.883673E+00   7.943356E-01   0.000000E+00 
  1.680000E+01   5.874866E+00   6.966463E-01   0.000000E+00 
  1.682000E+01   5.874866E+00   6.966463E-01   0.000000E+00 
  1.684000E+01   5.874866E+00   6.966463E-01   0.000000E+00 
  1.686000E+01   5.874866E+00   6.966463E-01   0.000000E+00 
  1.688000E+01   5.874866E+00   6.966463E-01   0.000000E+00 
  1.690000E+01   5.884365E+00   5.974746E-01   0.000000E+00 
  1.692000E+01   5.884365E+00   5.974746E-01   0.000000E+00 
  1.694000E+01   5.884365E+00   5.974746E-01   0.000000E+00 
  1.696000E+01   5.884365E+00   5.974746E-01   0.000000E+00 
  1.698000E+01   5.884365E+00   5.974746E-01   0.000000E+00 
  1.700000E+01   5.908079E+00   4.980385E-01   0.000000E+00 
  1.702000E+01   5.908079E+00   4.980385E-01   0.000000E+00 
  1.704000E+01   5.908079E+00   4.980385E-01   0.000000E+00 
  1.706000E+01   5.908079E+00   4.980385E-01   0.000000E+00 
  1.708000E+01   5.908079E+00   4.980385E-01   0.000000E+00 
  1.710000E+01   5.942460E+00   4.032046E-01   0.000000E+00 
  1.712000E+01   5.942460E+00   4.032046E-01   0.000000E+00 
  1.714000E+01   5.942460E+00   4.032046E-01   0.000000E+00 
  1.716000E+01   5.942460E+00   4.032046E-01   0.000000E+00 
  1.718000E+01   5.942460E+00   4.032046E-01   0.000000E+00 
  1.720000E+01   5.988099E+00   3.663305E-01   0.000000E+00 
  1.722000E+01   5.988099E+00   3.663305E-01   0.000000E+00 
  1.724000E+01   5.988099E+00   3.663305E-01   0.000000E+00 
  1.726000E+01   5.988099E+00   3.663305E-01   0.000000E+00 
  1.728000E+01   5.988099E+00   3.663305E-01   0.000000E+00 
  1.730000E+01   6.046578E+00   3.687177E-01   0.000000E+00 
  1.732000E+01   6.046578E+00   3.687177E-01   0.000000E+00 
  1.734000E+01   6.046578E+00   3.687177E-01   0.000000E+00 
  1.736000E+01   6.046578E+00   3.687177E-01   0.000000E+00 
  1.738000E+01   6.046578E+00   3.687177E-01   0.000000E+00 
  1.740000E+01   6.116619E+00   3.810713E-01   0.000000E+00 
  1.742000E+01   6.116619E+00   3.810713E-01   0.000000E+00 
  1.744000E+01   6.116619E+00   3.810713E-01   0.000000E+00 
  1.746000E+01   6.116619E+00   3.810713E-01   0.000000E+00 
  1.748000E+01   6.116619E+00   3.810713E-01   0.000000E+00 
  1.750000E+01   6.195963E+00   3.954035E-01   0.000000E+00 
  1.752000E+01   6.195963E+00   3.954035E-01   0.000000E+00 
  1.754000E+01   6.195963E+00   3.954035E-01   0.000000E+00 
  1.756000E+01   6.195963E+00   3.954035E-01   0.000000E+00 
  1.758000E+01   6.195963E+00   3.954035E-01   0.000000E+00 
  1.760000E+01   1.000000E+02   1.000000E+02   0.000000E+00 
  1.762000E+01   1.000000E+02   1.000000E+02   0.000000E+00 
  1.764000E+01   1.000000E+02   1.000000E+02   0.000000E+00 
  1.766000E+01   1.000000E+02   1.000000E+02   0.000000E+00 
  1.768000E+01   1.000000E+02   1.000000E+02   0.000000E+00 
  1.770000E+01   1.000000E+02   1.000000E+02   0.000000E+00 
  1.772000E+01   1.000000E+02   1.000000E+02   0.000000E+00 
  1.774000E+01   1.000000E+02   1.000000E+02   0.000000E+00 
  1.776000E+01   1.000000E+02   1.000000E+02   0.000000E+00 
  1.778000E+01   1.000000E+02   1.000000E+02   0.000000E+00 
  1.780000E+01   1.000000E+02   1.000000E+02   0.000000E+00 
  1.782000E+01   1.000000E+02   1.000000E+02   0.000000E+00 
  1.784000E+01   1.000000E+02   1.000000E+02   0.000000E+00 
  1.786000E+01   1.000000E+02   1.000000E+02   0.000000E+00 
  1.788000E+01   1.000000E+02   1.000000E+02   0.000000E+00 
  1.790000E+01   1.000000E+02   1.000000E+02   0.000000E+00 
  1.792000E+01   1.000000E+02   1.000000E+02   0.000000E+00 
  1.794000E+01   1.000000E+02   1.000000E+02   0.000000E+00 
  1.796000E+01   1.000000E+02   1.000000E+02   0.000000E+00 
  1.798000E+01   1.000000E+02   1.000000E+02   0.000000E+00 
  1.800000E+01   1.000000E+02   1.000000E+02   0.000000E+00 
  1.802000E+01   1.000000E+02   1.000000E+02   0.000000E+00 
  1.804000E+01   1.000000E+02   1.000000E+02   0.000000E+00 
  1.806000E+01   1.000000E+02   1.000000E+02   0.000000E+00 
  1.808000E+01   1.000000E+02   1.000000E+02   0.000000E+00 
  1.810000E+01   5.937937E+00   6.998719E-01   0.000000E+00 
  1.812000E+01   5.937937E+00   6.998719E-01   0.000000E+00 
  1.814000E+01   5.937937E+00   6.998719E-01   0.000000E+00 
  1.816000E+01   5.937937E+00   6.998719E-01   0.000000E+00 
  1.818000E+01   5.937937E+00   6.998719E-01   0.000000E+00 
  1.820000E+01   6.017416E+00   7.037769E-01   0.000000E+00 
  1.822000E+01   6.017416E+00   7.037769E-01   0.000000E+00 
  1.824000E+01   6.017416E+00   7.037769E-01   0.000000E+00 
  1.826000E+01   6.017416E+00   7.037769E-01   0.000000E+00 
  1.828000E+01   6.017416E+00   7.037769E-01   0.000000E+00 
  1.830000E+01   6.121553E+00   7.052296E-01   0.000000E+00 
  1.832000E+01   6.121553E+00   7.052296E-01   0.000000E+00 
  1.834000E+01   6.121553E+00   7.052296E-01   0.000000E+00 
  1.836000E+01   6.121553E+00   7.052296E-01   0.000000E+00 
  1.838000E+01   6.121553E+00   7.052296E-01   0.000000E+00 
  1.840000E+01   1.000000E+02   1.000000E+02   0.000000E+00 
  1.842000E+01   1.000000E+02   1.000000E+02   0.000000E+00 
  1.844000E+01   1.000000E+02   1.000000E+02   0.000000E+00 
  1.846000E+01   1.000000E+02   1.000000E+02   0.000000E+00 
  1.848000E+01   1.000000E+02   1.000000E+02   0.000000E+00 
  1.850000E+01   1.000000E+02   1.000000E+02   0.000000E+00 
  1.852000E+01   1.000000E+02   1.000000E+02   0.000000E+00 
  1.854000E+01   1.000000E+02   1.000000E+02   0.000000E+00 
  1.856000E+01   1.000000E+02   1.000000E+02   0.000000E+00 
  1.858000E+01   1.000000E+02   1.000000E+02   0.000000E+00 
  1.860000E+01   1.000000E+02   1.000000E+02   0.000000E+00 
  1.862000E+01   1.000000E+02   1.000000E+02   0.000000E+00 
  1.864000E+01   1.000000E+02   1.000000E+02   0.000000E+00 
  1.866000E+01   1.000000E+02   1.000000E+02   0.000000E+00 
  1.868000E+01   1.000000E+02   1.000000E+02   0.000000E+00 
  1.870000E+01   1.000000E+02   1.000000E+02   0.000000E+00 
  1.872000E+01   1.000000E+02   1.000000E+02   0.000000E+00 
  1.874000E+01   1.000000E+02   1.000000E+02   0.000000E+00 
  1.876000E+01   1.000000E+02   1.000000E+02   0.000000E+00 
  1.878000E+01   1.000000E+02   1.000000E+02   0.000000E+00 
  1.880000E+01   1.000000E+02   1.000000E+02   0.000000E+00 
  1.882000E+01   1.000000E+02   1.000000E+02   0.000000E+00 
  1.884000E+01   1.000000E+02   1.000000E+02   0.000000E+00 
  1.886000E+01   1.000000E+02   1.000000E+02   0.000000E+00 
  1.888000E+01   1.000000E+02   1.000000E+02   0.000000E+00 
  1.890000E+01   1.000000E+02   1.000000E+02   0.000000E+00 
  1.892000E+01   1.000000E+02   1.000000E+02   0.000000E+00 
  1.894000E+01   1.000000E+02   1.000000E+02   0.000000E+00 
  1.896000E+01   1.000000E+02   1.000000E+02   0.000000E+00 
  1.898000E+01   1.000000E+02   1.000000E+02   0.000000E+00 
  1.900000E+01   6.782973E+00   9.401866E-01   0.000000E+00 
  1.902000E+01   6.782973E+00   9.401866E-01   0.000000E+00 
  1.904000E+01   6.782973E+00   9.401866E-01   0.000000E+00 
  1.906000E+01   6.782973E+00   9.401866E-01   0.000000E+00 
  1.908000E+01   6.782973E+00   9.401866E-01   0.000000E+00 
  1.910000E+01   6.871696E+00   9.511436E-01   0.000000E+00 
  1.912000E+01   6.871696E+00   9.511436E-01   0.000000E+00 
  1.914000E+01   6.871696E+00   9.511436E-01   0.000000E+00 
  1.916000E+01   6.871696E+00   9.511436E-01   0.000000E+00 
  1.918000E+01   6.871696E+00   9.511436E-01   0.000000E+00 
  1.920000E+01   6.954848E+00   9.598562E-01   0.000000E+00 
  1.922000E+01   6.954848E+00   9.598562E-01   0.000000E+00 
  1.924000E+01   6.954848E+00   9.598562E-01   0.000000E+00 
  1.926000E+01   6.954848E+00   9.598562E-01   0.000000E+00 
  1.928000E+01   6.954848E+00   9.598562E-01   0.000000E+00 
  1.930000E+01   7.032531E+00   9.681575E-01   0.000000E+00 
  1.932000E+01   7.032531E+00   9.681575E-01   0.000000E+00 
  1.934000E+01   7.032531E+00   9.681575E-01   0.000000E+00 
  1.936000E+01   7.032531E+00   9.681575E-01   0.000000E+00 
  1.938000E+01   7.032531E+00   9.681575E-01   0.000000E+00 
  1.940000E+01   7.101440E+00   9.555851E-01   0.000000E+00 
  1.942000E+01   7.101440E+00   9.555851E-01   0.000000E+00 
  1.944000E+01   7.101440E+00   9.555851E-01   0.000000E+00 
  1.946000E+01   7.101440E+00   9.555851E-01   0.000000E+00 
  1.948000E+01   7.101440E+00   9.555851E-01   0.000000E+00 
  1.950000E+01   7.137331E+00   8.728101E-01   0.000000E+00 
  1.952000E+01   7.137331E+00   8.728101E-01   0.000000E+00 
  1.954000E+01   7.137331E+00   8.728101E-01   0.000000E+00 
  1.956000E+01   7.137331E+00   8.728101E-01   0.000000E+00 
  1.958000E+01   7.137331E+00   8.728101E-01   0.000000E+00 
  1.960000E+01   7.132189E+00   7.759531E-01   0.000000E+00 
  1.962000E+01   7.132189E+00   7.759531E-01   0.000000E+00 
  1.964000E+01   7.132189E+00   7.759531E-01   0.000000E+00 
  1.966000E+01   7.132189E+00   7.759531E-01   0.000000E+00 
  1.968000E+01   7.132189E+00   7.759531E-01   0.000000E+00 
  1.970000E+01   7.109967E+00   7.135994E-01   0.000000E+00 
  1.972000E+01   7.109967E+00   7.135994E-01   0.000000E+00 
  1.974000E+01   7.109967E+00   7.135994E-01   0.000000E+00 
  1.976000E+01   7.109967E+00   7.135994E-01   0.000000E+00 
  1.978000E+01   7.109967E+00   7.135994E-01   0.000000E+00 
  1.980000E+01   7.088585E+00   6.643156E-01   0.000000E+00 
  1.982000E+01   7.088585E+00   6.643156E-01   0.000000E+00 
  1.984000E+01   7.088585E+00   6.643156E-01   0.000000E+00 
  1.986000E+01   7.088585E+00   6.643156E-01   0.000000E+00 
  1.988000E+01   7.088585E+00   6.643156E-01   0.000000E+00 
  1.990000E+01   7.079888E+00   6.095073E-01   0.000000E+00 
  1.992000E+01   7.079888E+00   6.095073E-01   0.000000E+00 
  1.994000E+01   7.079888E+00   6.095073E-01   0.000000E+00 
  1.996000E+01   7.079888E+00   6.095073E-01   0.000000E+00 
  1.998000E+01   7.079888E+00   6.095073E-01   0.000000E+00 
  2.000000E+01   7.089049E+00   5.505250E-01   0.000000E+00 
  2.002000E+01   7.089049E+00   5.505250E-01   0.000000E+00 
  2.004000E+01   7.089049E+00   5.505250E-01   0.000000E+00 
  2.006000E+01   7.089049E+00   5.505250E-01   0.000000E+00 
  2.008000E+01   7.089049E+00   5.505250E-01   0.000000E+00 
  2.010000E+01   7.093004E+00   4.885667E-01   0.000000E+00 
  2.012000E+01   7.093004E+00   4.885667E-01   0.000000E+00 
  2.014000E+01   7.093004E+00   4.885667E-01   0.000000E+00 
  2.016000E+01   7.093004E+00   4.885667E-01   0.000000E+00 
  2.018000E+01   7.093004E+00   4.885667E-01   0.000000E+00 
  2.020000E+01   7.057549E+00   4.273214E-01   0.000000E+00 
  2.022000E+01   7.057549E+00   4.273214E-01   0.000000E+00 
  2.024000E+01   7.057549E+00   4.273214E-01   0.000000E+00 
  2.026000E+01   7.057549E+00   4.273214E-01   0.000000E+00 
  2.028000E+01   7.057549E+00   4.273214E-01   0.000000E+00 
  2.030000E+01   6.990146E+00   4.104494E-01   0.000000E+00 
  2.032000E+01   6.990146E+00   4.104494E-01   0.000000E+00 
  2.034000E+01   6.990146E+00   4.104494E-01   0.000000E+00 
  2.036000E+01   6.990146E+00   4.104494E-01   0.000000E+00 
  2.038000E+01   6.990146E+00   4.104494E-01   0.000000E+00 
  2.040000E+01   6.914696E+00   4.274377E-01   0.000000E+00 
  2.042000E+01   6.914696E+00   4.274377E-01   0.000000E+00 
  2.044000E+01   6.914696E+00   4.274377E-01   0.000000E+00 
  2.046000E+01   6.914696E+00   4.274377E-01   0.000000E+00 
  2.048000E+01   6.914696E+00   4.274377E-01   0.000000E+00 
  2.050000E+01   6.842092E+00   4.532555E-01   0.000000E+00 
  2.052000E+01   6.842092E+00   4.532555E-01   0.000000E+00 
  2.054000E+01   6.842092E+00   4.532555E-01   0.000000E+00 
  2.056000E+01   6.842092E+00   4.532555E-01   0.000000E+00 
  2.058000E+01   6.842092E+00   4.532555E-01   0.000000E+00 
  2.060000E+01   1.000000E+02   1.000000E+02   0.000000E+00 
  2.062000E+01   1.000000E+02   1.000000E+02   0.000000E+00 
  2.064000E+01   1.000000E+02   1.000000E+02   0.000000E+00 
  2.066000E+01   1.000000E+02   1.000000E+02   0.000000E+00 
  2.068000E+01   1.000000E+02   1.000000E+02   0.000000E+00 
  2.070000E+01   1.000000E+02   1.000000E+02   0.000000E+00 
  2.072000E+01   1.000000E+02   1.000000E+02   0.000000E+00 
  2.074000E+01   1.000000E+02   1.000000E+02   0.000000E+00 
  2.076000E+01   1.000000E+02   1.000000E+02   0.000000E+00 
  2.078000E+01   1.000000E+02   1.000000E+02   0.000000E+00 
  2.080000E+01   1.000000E+02   1.000000E+02   0.000000E+00 
  2.082000E+01   1.000000E+02   1.000000E+02   0.000000E+00 
  2.084000E+01   1.000000E+02   1.000000E+02   0.000000E+00 
  2.086000E+01   1.000000E+02   1.000000E+02   0.000000E+00 
  2.088000E+01   1.000000E+02   1.000000E+02   0.000000E+00 
  2.090000E+01   1.000000E+02   1.000000E+02   0.000000E+00 
  2.092000E+01   1.000000E+02   1.000000E+02   0.000000E+00 
  2.094000E+01   1.000000E+02   1.000000E+02   0.000000E+00 
  2.096000E+01   1.000000E+02   1.000000E+02   0.000000E+00 
  2.098000E+01   1.000000E+02   1.000000E+02   0.000000E+00 
  2.100000E+01   1.000000E+02   1.000000E+02   0.000000E+00 
  2.102000E+01   1.000000E+02   1.000000E+02   0.000000E+00 
  2.104000E+01   1.000000E+02   1.000000E+02   0.000000E+00 
  2.106000E+01   1.000000E+02   1.000000E+02   0.000000E+00 
  2.108000E+01   1.000000E+02   1.000000E+02   0.000000E+00 
  2.110000E+01   1.000000E+02   1.000000E+02   0.000000E+00 
  2.112000E+01   1.000000E+02   1.000000E+02   0.000000E+00 
  2.114000E+01   1.000000E+02   1.000000E+02   0.000000E+00 
  2.116000E+01   1.000000E+02   1.000000E+02   0.000000E+00 
  2.118000E+01   1.000000E+02   1.000000E+02   0.000000E+00 
  2.120000E+01   1.000000E+02   1.000000E+02   0.000000E+00 
  2.122000E+01   1.000000E+02   1.000000E+02   0.000000E+00 
  2.124000E+01   1.000000E+02   1.000000E+02   0.000000E+00 
  2.126000E+01   1.000000E+02   1.000000E+02   0.000000E+00 
  2.128000E+01   1.000000E+02   1.000000E+02   0.000000E+00 
  2.130000E+01   1.000000E+02   1.000000E+02   0.000000E+00 
  2.132000E+01   1.000000E+02   1.000000E+02   0.000000E+00 
  2.134000E+01   1.000000E+02   1.000000E+02   0.000000E+00 
  2.136000E+01   1.000000E+02   1.000000E+02   0.000000E+00 
  2.138000E+01   1.000000E+02   1.000000E+02   0.000000E+00 
  2.140000E+01   1.000000E+02   1.000000E+02   0.000000E+00 
  2.142000E+01   1.000000E+02   1.000000E+02   0.000000E+00 
  2.144000E+01   1.000000E+02   1.000000E+02   0.000000E+00 
  2.146000E+01   1.000000E+02   1.000000E+02   0.000000E+00 
  2.148000E+01   1.000000E+02   1.000000E+02   0.000000E+00 
  2.150000E+01   7.518317E+00   9.225452E-01   0.000000E+00 
  2.152000E+01   7.518317E+00   9.225452E-01   0.000000E+00 
  2.154000E+01   7.518317E+00   9.225452E-01   0.000000E+00 
  2.156000E+01   7.518317E+00   9.225452E-01   0.000000E+00 
  2.158000E+01   7.518317E+00   9.225452E-01   0.000000E+00 
  2.160000E+01   7.610760E+00   9.438473E-01   0.000000E+00 
  2.162000E+01   7.610760E+00   9.438473E-01   0.000000E+00 
  2.164000E+01   7.610760E+00   9.438473E-01   0.000000E+00 
  2.166000E+01   7.610760E+00   9.438473E-01   0.000000E+00 
  2.168000E+01   7.610760E+00   9.438473E-01   0.000000E+00 
  2.170000E+01   7.699155E+00   9.547725E-01   0.000000E+00 
  2.172000E+01   7.699155E+00   9.547725E-01   0.000000E+00 
  2.174000E+01   7.699155E+00   9.547725E-01   0.000000E+00 
  2.176000E+01   7.699155E+00   9.547725E-01   0.000000E+00 
  2.178000E+01   7.699155E+00   9.547725E-01   0.000000E+00 
  2.180000E+01   7.781870E+00   9.630079E-01   0.000000E+00 
  2.182000E+01   7.781870E+00   9.630079E-01   0.000000E+00 
  2.184000E+01   7.781870E+00   9.630079E-01   0.000000E+00 
  2.186000E+01   7.781870E+00   9.630079E-01   0.000000E+00 
  2.188000E+01   7.781870E+00   9.630079E-01   0.000000E+00 
  2.190000E+01   7.859185E+00   9.706958E-01   0.000000E+00 
  2.192000E+01   7.859185E+00   9.706958E-01   0.000000E+00 
  2.194000E+01   7.859185E+00   9.706958E-01   0.000000E+00 
  2.196000E+01   7.859185E+00   9.706958E-01   0.000000E+00 
  2.198000E+01   7.859185E+00   9.706958E-01   0.000000E+00 
  2.200000E+01   7.923092E+00   9.401784E-01   0.000000E+00 
  2.202000E+01   7.923092E+00   9.401784E-01   0.000000E+00 
  2.204000E+01   7.923092E+00   9.401784E-01   0.000000E+00 
  2.206000E+01   7.923092E+00   9.401784E-01   0.000000E+00 
  2.208000E+01   7.923092E+00   9.401784E-01   0.000000E+00 
  2.210000E+01   7.948529E+00   8.463889E-01   0.000000E+00 
  2.212000E+01   7.948529E+00   8.463889E-01   0.000000E+00 
  2.214000E+01   7.948529E+00   8.463889E-01   0.000000E+00 
  2.216000E+01   7.948529E+00   8.463889E-01   0.000000E+00 
  2.218000E+01   7.948529E+00   8.463889E-01   0.000000E+00 
  2.220000E+01   7.936851E+00   7.578260E-01   0.000000E+00 
  2.222000E+01   7.936851E+00   7.578260E-01   0.000000E+00 
  2.224000E+01   7.936851E+00   7.578260E-01   0.000000E+00 
  2.226000E+01   7.936851E+00   7.578260E-01   0.000000E+00 
  2.228000E+01   7.936851E+00   7.578260E-01   0.000000E+00 
  2.230000E+01   7.913854E+00   7.009892E-01   0.000000E+00 
  2.232000E+01   7.913854E+00   7.009892E-01   0.000000E+00 
  2.234000E+01   7.913854E+00   7.009892E-01   0.000000E+00 
  2.236000E+01   7.913854E+00   7.009892E-01   0.000000E+00 
  2.238000E+01   7.913854E+00   7.009892E-01   0.000000E+00 
  2.240000E+01   7.894700E+00   6.513344E-01   0.000000E+00 
  2.242000E+01   7.894700E+00   6.513344E-01   0.000000E+00 
  2.244000E+01   7.894700E+00   6.513344E-01   0.000000E+00 
  2.246000E+01   7.894700E+00   6.513344E-01   0.000000E+00 
  2.248000E+01   7.894700E+00   6.513344E-01   0.000000E+00 
  2.250000E+01   7.890451E+00   5.950126E-01   0.000000E+00 
  2.252000E+01   7.890451E+00   5.950126E-01   0.000000E+00 
  2.254000E+01   7.890451E+00   5.950126E-01   0.000000E+00 
  2.256000E+01   7.890451E+00   5.950126E-01   0.000000E+00 
  2.258000E+01   7.890451E+00   5.950126E-01   0.000000E+00 
  2.260000E+01   7.902362E+00   5.353480E-01   0.000000E+00 
  2.262000E+01   7.902362E+00   5.353480E-01   0.000000E+00 
  2.264000E+01   7.902362E+00   5.353480E-01   0.000000E+00 
  2.266000E+01   7.902362E+00   5.353480E-01   0.000000E+00 
  2.268000E+01   7.902362E+00   5.353480E-01   0.000000E+00 
  2.270000E+01   7.898555E+00   4.727139E-01   0.000000E+00 
  2.272000E+01   7.898555E+00   4.727139E-01   0.000000E+00 
  2.274000E+01   7.898555E+00   4.727139E-01   0.000000E+00 
  2.276000E+01   7.898555E+00   4.727139E-01   0.000000E+00 
  2.278000E+01   7.898555E+00   4.727139E-01   0.000000E+00 
  2.280000E+01   7.853050E+00   4.176257E-01   0.000000E+00 
  2.282000E+01   7.853050E+00   4.176257E-01   0.000000E+00 
  2.284000E+01   7.853050E+00   4.176257E-01   0.000000E+00 
  2.286000E+01   7.853050E+00   4.176257E-01   0.000000E+00 
  2.288000E+01   7.853050E+00   4.176257E-01   0.000000E+00 
  2.290000E+01   7.782788E+00   4.125773E-01   0.000000E+00 
  2.292000E+01   7.782788E+00   4.125773E-01   0.000000E+00 
  2.294000E+01   7.782788E+00   4.125773E-01   0.000000E+00 
  2.296000E+01   7.782788E+00   4.125773E-01   0.000000E+00 
  2.298000E+01   7.782788E+00   4.125773E-01   0.000000E+00 
  2.300000E+01   7.708764E+00   4.327375E-01   0.000000E+00 
  2.302000E+01   7.708764E+00   4.327375E-01   0.000000E+00 
  2.304000E+01   7.708764E+00   4.327375E-01   0.000000E+00 
  2.306000E+01   7.708764E+00   4.327375E-01   0.000000E+00 
  2.308000E+01   7.708764E+00   4.327375E-01   0.000000E+00 
  2.310000E+01   7.639448E+00   4.588783E-01   0.000000E+00 
  2.312000E+01   7.639448E+00   4.588783E-01   0.000000E+00 
  2.314000E+01   7.639448E+00   4.588783E-01   0.000000E+00 
  2.316000E+01   7.639448E+00   4.588783E-01   0.000000E+00 
  2.318000E+01   7.639448E+00   4.588783E-01   0.000000E+00 
  2.320000E+01   1.000000E+02   1.000000E+02   0.000000E+00 
  2.322000E+01   1.000000E+02   1.000000E+02   0.000000E+00 
  2.324000E+01   1.000000E+02   1.000000E+02   0.000000E+00 
  2.326000E+01   1.000000E+02   1.000000E+02   0.000000E+00 
  2.328000E+01   1.000000E+02   1.000000E+02   0.000000E+00 
  2.330000E+01   1.000000E+02   1.000000E+02   0.000000E+00 
  2.332000E+01   1.000000E+02   1.000000E+02   0.000000E+00 
  2.334000E+01   1.000000E+02   1.000000E+02   0.000000E+00 
  2.336000E+01   1.000000E+02   1.000000E+02   0.000000E+00 
  2.338000E+01   1.000000E+02   1.000000E+02   0.000000E+00 
  2.340000E+01   1.000000E+02   1.000000E+02   0.000000E+00 
  2.342000E+01   1.000000E+02   1.000000E+02   0.000000E+00 
  2.344000E+01   1.000000E+02   1.000000E+02   0.000000E+00 
  2.346000E+01   1.000000E+02   1.000000E+02   0.000000E+00 
  2.348000E+01   1.000000E+02   1.000000E+02   0.000000E+00 
  2.350000E+01   1.000000E+02   1.000000E+02   0.000000E+00 
  2.352000E+01   1.000000E+02   1.000000E+02   0.000000E+00 
  2.354000E+01   1.000000E+02   1.000000E+02   0.000000E+00 
  2.356000E+01   1.000000E+02   1.000000E+02   0.000000E+00 
  2.358000E+01   1.000000E+02   1.000000E+02   0.000000E+00 
  2.360000E+01   1.000000E+02   1.000000E+02   0.000000E+00 
  2.362000E+01   1.000000E+02   1.000000E+02   0.000000E+00 
  2.364000E+01   1.000000E+02   1.000000E+02   0.000000E+00 
  2.366000E+01   1.000000E+02   1.000000E+02   0.000000E+00 
  2.368000E+01   1.000000E+02   1.000000E+02   0.000000E+00 
  2.370000E+01   1.000000E+02   1.000000E+02   0.000000E+00 
  2.372000E+01   1.000000E+02   1.000000E+02   0.000000E+00 
  2.374000E+01   1.000000E+02   1.000000E+02   0.000000E+00 
  2.376000E+01   1.000000E+02   1.000000E+02   0.000000E+00 
  2.378000E+01   1.000000E+02   1.000000E+02   0.000000E+00 
  2.380000E+01   1.000000E+02   1.000000E+02   0.000000E+00 
  2.382000E+01   1.000000E+02   1.000000E+02   0.000000E+00 
  2.384000E+01   1.000000E+02   1.000000E+02   0.000000E+00 
  2.386000E+01   1.000000E+02   1.000000E+02   0.000000E+00 
  2.388000E+01   1.000000E+02   1.000000E+02   0.000000E+00 
  2.390000E+01   1.000000E+02   1.000000E+02   0.000000E+00 
  2.392000E+01   1.000000E+02   1.000000E+02   0.000000E+00 
  2.394000E+01   1.000000E+02   1.000000E+02   0.000000E+00 
  2.396000E+01   1.000000E+02   1.000000E+02   0.000000E+00 
  2.398000E+01   1.000000E+02   1.000000E+02   0.000000E+00 
  2.400000E+01   1.000000E+02   1.000000E+02   0.000000E+00 
  2.402000E+01   1.000000E+02   1.000000E+02   0.000000E+00 
  2.404000E+01   1.000000E+02   1.000000E+02   0.000000E+00 
  2.406000E+01   1.000000E+02   1.000000E+02   0.000000E+00 
  2.408000E+01   1.000000E+02   1.000000E+02   0.000000E+00 
  2.410000E+01   1.000000E+02   1.000000E+02   0.000000E+00 
  2.412000E+01   1.000000E+02   1.000000E+02   0.000000E+00 
  2.414000E+01   1.000000E+02   1.000000E+02   0.000000E+00 
  2.416000E+01   1.000000E+02   1.000000E+02   0.000000E+00 
  2.418000E+01   1.000000E+02   1.000000E+02   0.000000E+00 
  2.420000E+01   8.466671E+00   8.988085E-01   0.000000E+00 
  2.422000E+01   8.466671E+00   8.988085E-01   0.000000E+00 
  2.424000E+01   8.466671E+00   8.988085E-01   0.000000E+00 
  2.426000E+01   8.466671E+00   8.988085E-01   0.000000E+00 
  2.428000E+01   8.466671E+00   8.988085E-01   0.000000E+00 
  2.430000E+01   8.515524E+00   9.245336E-01   0.000000E+00 
  2.432000E+01   8.515524E+00   9.245336E-01   0.000000E+00 
  2.434000E+01   8.515524E+00   9.245336E-01   0.000000E+00 
  2.436000E+01   8.515524E+00   9.245336E-01   0.000000E+00 
  2.438000E+01   8.515524E+00   9.245336E-01   0.000000E+00 
  2.440000E+01   8.541209E+00   9.127901E-01   0.000000E+00 
  2.442000E+01   8.541209E+00   9.127901E-01   0.000000E+00 
  2.444000E+01   8.541209E+00   9.127901E-01   0.000000E+00 
  2.446000E+01   8.541209E+00   9.127901E-01   0.000000E+00 
  2.448000E+01   8.541209E+00   9.127901E-01   0.000000E+00 
  2.450000E+01   8.551385E+00   8.392106E-01   0.000000E+00 
  2.452000E+01   8.551385E+00   8.392106E-01   0.000000E+00 
  2.454000E+01   8.551385E+00   8.392106E-01   0.000000E+00 
  2.456000E+01   8.551385E+00   8.392106E-01   0.000000E+00 
  2.458000E+01   8.551385E+00   8.392106E-01   0.000000E+00 
  2.460000E+01   8.551983E+00   7.414831E-01   0.000000E+00 
  2.462000E+01   8.551983E+00   7.414831E-01   0.000000E+00 
  2.464000E+01   8.551983E+00   7.414831E-01   0.000000E+00 
  2.466000E+01   8.551983E+00   7.414831E-01   0.000000E+00 
  2.468000E+01   8.551983E+00   7.414831E-01   0.000000E+00 
  2.470000E+01   8.546671E+00   6.383391E-01   0.000000E+00 
  2.472000E+01   8.546671E+00   6.383391E-01   0.000000E+00 
  2.474000E+01   8.546671E+00   6.383391E-01   0.000000E+00 
  2.476000E+01   8.546671E+00   6.383391E-01   0.000000E+00 
  2.478000E+01   8.546671E+00   6.383391E-01   0.000000E+00 
  2.480000E+01   8.537711E+00   5.341713E-01   0.000000E+00 
  2.482000E+01   8.537711E+00   5.341713E-01   0.000000E+00 
  2.484000E+01   8.537711E+00   5.341713E-01   0.000000E+00 
  2.486000E+01   8.537711E+00   5.341713E-01   0.000000E+00 
  2.488000E+01   8.537711E+00   5.341713E-01   0.000000E+00 
  2.489230E+01   8.537711E+00   5.341713E-01   0.000000E+00 
